
#Surface 0 of 1 surfaces

# Contour 0, label:     11.8
 0.400172  5.32839  11.83 
 0.402391  5.2942  11.83 
 0.404339  5.26328  11.83 
 0.406259  5.23213  11.83 
 0.40839  5.19721  11.83 
 0.410974  5.15501  11.83 
 0.414171  5.10328  11.83 
 0.417825  5.0448  11.83 
 0.421699  4.98361  11.83 
 0.425556  4.92376  11.83 
 0.429161  4.8693  11.83 
 0.432339  4.82314  11.83 
 0.435166  4.78372  11.83 
 0.437781  4.74833  11.83 
 0.440321  4.71427  11.83 
 0.442927  4.67885  11.83 
 0.445716  4.6399  11.83 
 0.448731  4.59734  11.83 
 0.451993  4.55164  11.83 
 0.455526  4.50326  11.83 
 0.45935  4.45266  11.83 
 0.463453  4.40054  11.83 
 0.467673  4.34852  11.83 
 0.471814  4.29848  11.83 
 0.47568  4.25228  11.83 
 0.479073  4.2118  11.83 
 0.481886  4.17798  11.83 
 0.484369  4.1481  11.83 
 0.48686  4.1185  11.83 
 0.489698  4.08553  11.83 
 0.49322  4.04554  11.83 
 0.497634  3.99631  11.83 
 0.502614  3.94129  11.83 
 0.507704  3.88537  11.83 
 0.512447  3.83343  11.83 
 0.516385  3.79037  11.83 
 0.519225  3.75931  11.83 
 0.521322  3.73641  11.83 
 0.523195  3.71604  11.83 
 0.525362  3.69261  11.83 
 0.528342  3.66051  11.83 
 0.532483  3.61597  11.83 
 0.537446  3.56261  11.83 
 0.542724  3.50587  11.83 
 0.547809  3.45122  11.83 
 0.552192  3.40409  11.83 
 0.555528  3.36822  11.83 
 0.558125  3.34051  11.83 
 0.560455  3.31612  11.83 
 0.562988  3.29023  11.83 
 0.566197  3.25801  11.83 
 0.570348  3.21578  11.83 
 0.574891  3.1645  11.83 
 0.57907  3.10629  11.83 
 0.582132  3.04325  11.83 
 0.58332  2.97749  11.83 
 0.582084  2.91161  11.83 
 0.578691  2.85008  11.83 
 0.57361  2.79786  11.83 
 0.567311  2.7599  11.83 
 0.560265  2.74117  11.83 

 0.208557  10.9659  11.83 
 0.209571  10.8962  11.83 
 0.210632  10.8238  11.83 
 0.211726  10.75  11.83 
 0.21284  10.676  11.83 
 0.213973  10.602  11.83 
 0.215126  10.528  11.83 
 0.216304  10.454  11.83 
 0.217508  10.38  11.83 
 0.218743  10.306  11.83 
 0.22002  10.232  11.83 
 0.221355  10.158  11.83 
 0.22276  10.084  11.83 
 0.22425  10.01  11.83 
 0.225836  9.93614  11.83 
 0.227513  9.86314  11.83 
 0.229273  9.79186  11.83 
 0.231109  9.72315  11.83 
 0.233012  9.65788  11.83 
 0.234963  9.59682  11.83 
 0.236897  9.54043  11.83 
 0.238737  9.48911  11.83 
 0.240405  9.44323  11.83 
 0.241824  9.40319  11.83 
 0.24295  9.36874  11.83 
 0.243858  9.33716  11.83 
 0.244658  9.30511  11.83 
 0.245457  9.26924  11.83 
 0.246364  9.22621  11.83 
 0.247465  9.17358  11.83 
 0.248746  9.11254  11.83 
 0.250174  9.0452  11.83 
 0.251714  8.97365  11.83 
 0.25333  8.9  11.83 
 0.254997  8.826  11.83 
 0.256719  8.752  11.83 
 0.258514  8.678  11.83 
 0.260395  8.604  11.83 
 0.262378  8.53  11.83 
 0.264469  8.45622  11.83 
 0.266635  8.3838  11.83 
 0.268835  8.31407  11.83 
 0.271028  8.24839  11.83 
 0.273173  8.18811  11.83 
 0.275232  8.13417  11.83 
 0.277183  8.08589  11.83 
 0.279006  8.04217  11.83 
 0.280683  8.00194  11.83 
 0.282196  7.96411  11.83 
 0.283543  7.92745  11.83 
 0.284792  7.89023  11.83 
 0.286028  7.85057  11.83 
 0.287335  7.8066  11.83 
 0.288799  7.75644  11.83 
 0.290487  7.69882  11.83 
 0.292398  7.63475  11.83 
 0.29451  7.56585  11.83 
 0.296806  7.49373  11.83 
 0.299264  7.42  11.83 
 0.301857  7.34626  11.83 
 0.304526  7.27406  11.83 
 0.307204  7.20495  11.83 
 0.309822  7.14047  11.83 
 0.312315  7.08216  11.83 
 0.314629  7.03103  11.83 
 0.316768  6.98596  11.83 
 0.318753  6.94526  11.83 
 0.320601  6.90726  11.83 
 0.322332  6.8703  11.83 
 0.323975  6.83277  11.83 
 0.325602  6.79331  11.83 
 0.327295  6.75064  11.83 
 0.329135  6.70346  11.83 
 0.331204  6.65049  11.83 
 0.333563  6.59099  11.83 
 0.336192  6.52641  11.83 
 0.339052  6.45874  11.83 
 0.342102  6.39001  11.83 
 0.345302  6.32219  11.83 
 0.348595  6.25717  11.83 
 0.351863  6.19628  11.83 
 0.354969  6.14072  11.83 
 0.357778  6.0917  11.83 
 0.360155  6.05043  11.83 
 0.362024  6.01721  11.83 
 0.363554  5.98877  11.83 
 0.364971  5.96096  11.83 
 0.366504  5.92959  11.83 
 0.368379  5.89052  11.83 
 0.370769  5.8408  11.83 
 0.373622  5.78238  11.83 
 0.376831  5.71844  11.83 
 0.380287  5.65214  11.83 
 0.383882  5.58668  11.83 
 0.38751  5.52478  11.83 
 0.391062  5.46745  11.83 
 0.394428  5.41523  11.83 
 0.397501  5.36869  11.83 
 0.400172  5.32839  11.83 

 0.130863  17.484  11.83 
 0.131227  17.41  11.83 
 0.131587  17.336  11.83 
 0.131941  17.262  11.83 
 0.132292  17.188  11.83 
 0.132639  17.114  11.83 
 0.132984  17.04  11.83 
 0.133328  16.966  11.83 
 0.133669  16.892  11.83 
 0.134009  16.818  11.83 
 0.134348  16.744  11.83 
 0.134685  16.67  11.83 
 0.135022  16.596  11.83 
 0.135357  16.522  11.83 
 0.13569  16.448  11.83 
 0.136023  16.374  11.83 
 0.136353  16.3  11.83 
 0.136683  16.226  11.83 
 0.137012  16.152  11.83 
 0.137341  16.078  11.83 
 0.137671  16.004  11.83 
 0.138004  15.93  11.83 
 0.138339  15.856  11.83 
 0.138678  15.782  11.83 
 0.13902  15.708  11.83 
 0.139365  15.634  11.83 
 0.139714  15.56  11.83 
 0.140066  15.486  11.83 
 0.140424  15.412  11.83 
 0.140791  15.338  11.83 
 0.141171  15.264  11.83 
 0.141565  15.19  11.83 
 0.141978  15.116  11.83 
 0.142419  15.042  11.83 
 0.142896  14.968  11.83 
 0.143418  14.894  11.83 
 0.143996  14.82  11.83 
 0.14465  14.7461  11.83 
 0.145453  14.6731  11.83 
 0.146491  14.6018  11.83 
 0.147846  14.5331  11.83 
 0.149606  14.4677  11.83 
 0.151803  14.4065  11.83 
 0.15427  14.35  11.83 
 0.15679  14.2985  11.83 
 0.159144  14.2526  11.83 
 0.161114  14.2125  11.83 
 0.162543  14.1781  11.83 
 0.16351  14.1466  11.83 
 0.164154  14.1147  11.83 
 0.164614  14.0789  11.83 
 0.16503  14.036  11.83 
 0.165514  13.9835  11.83 
 0.166073  13.9225  11.83 
 0.166689  13.8552  11.83 
 0.167341  13.7836  11.83 
 0.168011  13.71  11.83 
 0.168683  13.636  11.83 
 0.169355  13.562  11.83 
 0.170028  13.488  11.83 
 0.170705  13.414  11.83 
 0.171387  13.34  11.83 
 0.172076  13.266  11.83 
 0.172771  13.192  11.83 
 0.173472  13.118  11.83 
 0.174176  13.044  11.83 
 0.174885  12.97  11.83 
 0.175597  12.896  11.83 
 0.176315  12.822  11.83 
 0.177041  12.748  11.83 
 0.177779  12.674  11.83 
 0.178532  12.6  11.83 
 0.179302  12.526  11.83 
 0.180095  12.452  11.83 
 0.180917  12.378  11.83 
 0.181772  12.304  11.83 
 0.182666  12.23  11.83 
 0.183608  12.156  11.83 
 0.184612  12.082  11.83 
 0.185699  12.008  11.83 
 0.186886  11.934  11.83 
 0.188193  11.86  11.83 
 0.189628  11.7863  11.83 
 0.191162  11.7141  11.83 
 0.192757  11.6453  11.83 
 0.194373  11.5812  11.83 
 0.195973  11.5236  11.83 
 0.19752  11.4735  11.83 
 0.198988  11.4295  11.83 
 0.200354  11.3899  11.83 
 0.201596  11.3527  11.83 
 0.202691  11.316  11.83 
 0.203628  11.2782  11.83 
 0.204448  11.2379  11.83 
 0.205204  11.1942  11.83 
 0.205949  11.1459  11.83 
 0.206736  11.0919  11.83 
 0.207607  11.0316  11.83 
 0.208557  10.9659  11.83 

 0.144228  13.4139  11.83 
 0.143372  13.4875  11.83 
 0.142261  13.5603  11.83 
 0.140805  13.632  11.83 
 0.138914  13.7022  11.83 
 0.136553  13.7703  11.83 
 0.133907  13.8347  11.83 
 0.131218  13.8935  11.83 
 0.128728  13.945  11.83 
 0.126678  13.9872  11.83 
 0.125243  14.0195  11.83 
 0.124342  14.0455  11.83 
 0.123826  14.07  11.83 
 0.123547  14.0979  11.83 
 0.123358  14.1339  11.83 
 0.123137  14.1816  11.83 
 0.12287  14.2396  11.83 
 0.122573  14.3054  11.83 
 0.122257  14.3764  11.83 
 0.121937  14.45  11.83 
 0.121624  14.524  11.83 
 0.12132  14.598  11.83 
 0.121026  14.672  11.83 
 0.120741  14.746  11.83 
 0.120466  14.82  11.83 
 0.1202  14.894  11.83 
 0.119944  14.968  11.83 
 0.119696  15.042  11.83 
 0.119457  15.116  11.83 
 0.119227  15.19  11.83 
 0.119004  15.264  11.83 
 0.118789  15.338  11.83 
 0.118582  15.412  11.83 
 0.118383  15.486  11.83 
 0.118191  15.56  11.83 
 0.118007  15.634  11.83 
 0.11783  15.708  11.83 
 0.11766  15.782  11.83 
 0.117497  15.856  11.83 
 0.117342  15.93  11.83 
 0.117193  16.004  11.83 
 0.117051  16.078  11.83 
 0.116916  16.152  11.83 
 0.116789  16.226  11.83 
 0.116671  16.3  11.83 
 0.116561  16.374  11.83 
 0.116459  16.448  11.83 
 0.116366  16.522  11.83 
 0.116281  16.596  11.83 
 0.116205  16.67  11.83 
 0.116138  16.744  11.83 
 0.116081  16.818  11.83 
 0.116036  16.892  11.83 
 0.116005  16.966  11.83 
 0.115989  17.04  11.83 
 0.11599  17.114  11.83 
 0.116008  17.188  11.83 
 0.116042  17.262  11.83 
 0.116093  17.336  11.83 
 0.11616  17.41  11.83 
 0.116243  17.484  11.83 
 0.116343  17.558  11.83 
 0.11646  17.632  11.83 
 0.116595  17.706  11.83 
 0.116749  17.78  11.83 
 0.116922  17.854  11.83 
 0.117119  17.928  11.83 
 0.117346  18.002  11.83 
 0.117607  18.076  11.83 
 0.117908  18.15  11.83 
 0.118255  18.224  11.83 
 0.118651  18.2976  11.83 
 0.119103  18.3708  11.83 
 0.119616  18.4431  11.83 
 0.120193  18.5143  11.83 
 0.120835  18.5834  11.83 
 0.121516  18.646  11.83 
 0.122205  18.697  11.83 
 0.12287  18.7314  11.83 
 0.123481  18.744  11.83 
 0.124013  18.7314  11.83 
 0.124478  18.697  11.83 
 0.124892  18.646  11.83 
 0.125276  18.5834  11.83 
 0.125646  18.5143  11.83 
 0.126018  18.4431  11.83 
 0.126394  18.3708  11.83 
 0.126772  18.2976  11.83 
 0.127149  18.224  11.83 
 0.127525  18.15  11.83 
 0.127898  18.076  11.83 
 0.128269  18.002  11.83 
 0.128639  17.928  11.83 
 0.129008  17.854  11.83 
 0.129378  17.78  11.83 
 0.12975  17.706  11.83 
 0.130123  17.632  11.83 
 0.130494  17.558  11.83 
 0.130863  17.484  11.83 

 0.241946  7.02545  11.83 
 0.241153  7.05796  11.83 
 0.240273  7.09803  11.83 
 0.23919  7.14859  11.83 
 0.237916  7.20838  11.83 
 0.236497  7.27507  11.83 
 0.234977  7.34638  11.83 
 0.233401  7.42  11.83 
 0.231803  7.494  11.83 
 0.230175  7.568  11.83 
 0.228498  7.642  11.83 
 0.226754  7.716  11.83 
 0.224925  7.79  11.83 
 0.222997  7.86385  11.83 
 0.220982  7.9368  11.83 
 0.218895  8.00795  11.83 
 0.216752  8.07641  11.83 
 0.21457  8.14127  11.83 
 0.212376  8.20173  11.83 
 0.210241  8.25744  11.83 
 0.208244  8.30813  11.83 
 0.206467  8.35353  11.83 
 0.20499  8.39339  11.83 
 0.203865  8.42803  11.83 
 0.203019  8.46008  11.83 
 0.202349  8.49276  11.83 
 0.201753  8.52931  11.83 
 0.201128  8.57293  11.83 
 0.200392  8.62598  11.83 
 0.199553  8.68727  11.83 
 0.198639  8.75475  11.83 
 0.197679  8.82634  11.83 
 0.196701  8.9  11.83 
 0.195727  8.974  11.83 
 0.194761  9.048  11.83 
 0.1938  9.122  11.83 
 0.192838  9.196  11.83 
 0.191875  9.27  11.83 
 0.190905  9.344  11.83 
 0.189922  9.418  11.83 
 0.188918  9.492  11.83 
 0.187887  9.566  11.83 
 0.18682  9.64  11.83 
 0.185709  9.714  11.83 
 0.184534  9.788  11.83 
 0.183273  9.862  11.83 
 0.181905  9.936  11.83 
 0.180408  10.01  11.83 
 0.178773  10.0837  11.83 
 0.177033  10.1559  11.83 
 0.175236  10.2248  11.83 
 0.173428  10.289  11.83 
 0.171654  10.3468  11.83 
 0.169958  10.3971  11.83 
 0.168374  10.4413  11.83 
 0.166934  10.4812  11.83 
 0.165668  10.5186  11.83 
 0.164609  10.5554  11.83 
 0.163772  10.5931  11.83 
 0.163115  10.6332  11.83 
 0.16258  10.6767  11.83 
 0.162111  10.7247  11.83 
 0.16165  10.7784  11.83 
 0.161151  10.8386  11.83 
 0.160615  10.9041  11.83 
 0.160055  10.9738  11.83 
 0.159484  11.0462  11.83 
 0.158914  11.12  11.83 
 0.158356  11.194  11.83 
 0.157813  11.268  11.83 
 0.157286  11.342  11.83 
 0.156774  11.416  11.83 
 0.156279  11.49  11.83 
 0.1558  11.564  11.83 
 0.155335  11.638  11.83 
 0.15488  11.712  11.83 
 0.154433  11.786  11.83 
 0.153988  11.86  11.83 
 0.153545  11.934  11.83 
 0.153103  12.008  11.83 
 0.152662  12.082  11.83 
 0.152224  12.156  11.83 
 0.15179  12.23  11.83 
 0.15136  12.304  11.83 
 0.150933  12.378  11.83 
 0.150508  12.452  11.83 
 0.150084  12.526  11.83 
 0.14966  12.6  11.83 
 0.149233  12.674  11.83 
 0.148804  12.748  11.83 
 0.148372  12.822  11.83 
 0.147935  12.896  11.83 
 0.147494  12.97  11.83 
 0.147044  13.044  11.83 
 0.146576  13.118  11.83 
 0.146075  13.192  11.83 
 0.145528  13.266  11.83 
 0.144921  13.34  11.83 
 0.144228  13.4139  11.83 

 0.560265  2.74117  11.83 
 0.552911  2.74473  11.83 
 0.545565  2.76611  11.83 
 0.538513  2.79896  11.83 
 0.532039  2.83691  11.83 
 0.52643  2.87361  11.83 
 0.52186  2.90422  11.83 
 0.518069  2.93002  11.83 
 0.514684  2.95378  11.83 
 0.511334  2.97829  11.83 
 0.507648  3.00634  11.83 
 0.503357  3.0399  11.83 
 0.498598  3.07776  11.83 
 0.493612  3.11788  11.83 
 0.48864  3.15824  11.83 
 0.483922  3.19681  11.83 
 0.479634  3.23213  11.83 
 0.475685  3.26502  11.83 
 0.47192  3.29685  11.83 
 0.468183  3.32901  11.83 
 0.46432  3.36288  11.83 
 0.460222  3.39943  11.83 
 0.455967  3.43798  11.83 
 0.451681  3.47744  11.83 
 0.447488  3.51672  11.83 
 0.443514  3.55472  11.83 
 0.439839  3.59075  11.83 
 0.436357  3.62574  11.83 
 0.43292  3.661  11.83 
 0.429376  3.69784  11.83 
 0.425576  3.73758  11.83 
 0.421431  3.78098  11.83 
 0.417091  3.82655  11.83 
 0.412771  3.87221  11.83 
 0.408684  3.91592  11.83 
 0.40504  3.95561  11.83 
 0.40197  3.99013  11.83 
 0.399256  4.02187  11.83 
 0.396598  4.05414  11.83 
 0.393696  4.09025  11.83 
 0.390248  4.13349  11.83 
 0.386071  4.1858  11.83 
 0.381441  4.24364  11.83 
 0.376753  4.3021  11.83 
 0.372402  4.35629  11.83 
 0.36878  4.4013  11.83 
 0.366156  4.43395  11.83 
 0.364287  4.45801  11.83 
 0.362808  4.47896  11.83 
 0.36135  4.5023  11.83 
 0.359545  4.53353  11.83 
 0.35711  4.57669  11.83 
 0.354097  4.63003  11.83 
 0.35064  4.69037  11.83 
 0.346876  4.75452  11.83 
 0.342939  4.81928  11.83 
 0.338966  4.88182  11.83 
 0.335095  4.94065  11.83 
 0.331465  4.99464  11.83 
 0.328217  5.04267  11.83 
 0.325489  5.0836  11.83 
 0.323359  5.11714  11.83 
 0.321662  5.1464  11.83 
 0.320168  5.17533  11.83 
 0.318652  5.20787  11.83 
 0.316883  5.24798  11.83 
 0.314684  5.29853  11.83 
 0.312068  5.35806  11.83 
 0.309097  5.42406  11.83 
 0.305832  5.49398  11.83 
 0.302335  5.56531  11.83 
 0.298689  5.63555  11.83 
 0.29506  5.70238  11.83 
 0.291635  5.76352  11.83 
 0.2886  5.81667  11.83 
 0.286143  5.85956  11.83 
 0.284378  5.89116  11.83 
 0.283143  5.91546  11.83 
 0.282201  5.9377  11.83 
 0.281318  5.96312  11.83 
 0.280259  5.99697  11.83 
 0.27884  6.04317  11.83 
 0.277077  6.10031  11.83 
 0.275039  6.16565  11.83 
 0.272794  6.23646  11.83 
 0.27041  6.31  11.83 
 0.267945  6.38389  11.83 
 0.265411  6.45713  11.83 
 0.262811  6.52906  11.83 
 0.260149  6.59902  11.83 
 0.257426  6.66637  11.83 
 0.254663  6.73038  11.83 
 0.251954  6.79013  11.83 
 0.249411  6.84462  11.83 
 0.247147  6.89284  11.83 
 0.245273  6.9338  11.83 
 0.243858  6.96733  11.83 
 0.242798  6.99656  11.83 
 0.241946  7.02545  11.83 

 0.600535  2.52326  11.83 
 0.593913  2.52832  11.83 
 0.587727  2.54294  11.83 
 0.582572  2.56625  11.83 
 0.579042  2.59739  11.83 
 0.577733  2.63552  11.83 
 0.579042  2.67896  11.83 
 0.582572  2.72277  11.83 
 0.587727  2.76119  11.83 
 0.593913  2.78846  11.83 
 0.600535  2.79883  11.83 
 0.607018  2.78846  11.83 
 0.612875  2.76119  11.83 
 0.617637  2.72277  11.83 
 0.620837  2.67896  11.83 
 0.622007  2.63552  11.83 
 0.620837  2.59739  11.83 
 0.617637  2.56625  11.83 
 0.612875  2.54294  11.83 
 0.607018  2.52832  11.83 
 0.600535  2.52326  11.83 

 0.641149  2.23935  11.83 
 0.641014  2.2394  11.83 
 0.640916  2.23964  11.83 
 0.64085  2.24017  11.83 
 0.640814  2.24109  11.83 
 0.640802  2.24251  11.83 
 0.640814  2.24445  11.83 
 0.64085  2.24661  11.83 
 0.640916  2.24863  11.83 
 0.641014  2.25011  11.83 
 0.641149  2.25069  11.83 
 0.641319  2.25011  11.83 
 0.641502  2.24863  11.83 
 0.641667  2.24661  11.83 
 0.641787  2.24445  11.83 
 0.641834  2.24251  11.83 
 0.641787  2.24109  11.83 
 0.641667  2.24017  11.83 
 0.641502  2.23964  11.83 
 0.641319  2.2394  11.83 
 0.641149  2.23935  11.83 

-0.0498035  5.496  11.83 
-0.0504181  5.422  11.83 
-0.0510513  5.348  11.83 
-0.0517037  5.274  11.83 
-0.0523763  5.2  11.83 
-0.0530698  5.126  11.83 
-0.0537853  5.052  11.83 
-0.0545238  4.978  11.83 
-0.0552866  4.904  11.83 
-0.0560747  4.83  11.83 
-0.0568893  4.756  11.83 
-0.0577318  4.682  11.83 
-0.0586035  4.608  11.83 
-0.059506  4.534  11.83 
-0.0604405  4.46  11.83 
-0.0614092  4.386  11.83 
-0.0624164  4.312  11.83 
-0.0634673  4.238  11.83 
-0.064567  4.164  11.83 
-0.0657204  4.09  11.83 
-0.066925  4.01631  11.83 
-0.068147  3.94447  11.83 
-0.069345  3.87634  11.83 
-0.0704775  3.81377  11.83 
-0.0715033  3.75862  11.83 
-0.0723942  3.712  11.83 
-0.0731767  3.67204  11.83 
-0.0738905  3.63614  11.83 
-0.0745754  3.60172  11.83 
-0.0752712  3.56615  11.83 
-0.0760132  3.52722  11.83 
-0.0768191  3.4842  11.83 
-0.0777023  3.43672  11.83 
-0.0786759  3.38442  11.83 
-0.0797532  3.32695  11.83 
-0.0809432  3.2642  11.83 
-0.0822385  3.19702  11.83 
-0.0836273  3.12653  11.83 
-0.0850978  3.05382  11.83 
-0.0866382  2.98  11.83 
-0.0882403  2.906  11.83 
-0.0899091  2.832  11.83 
-0.0916532  2.758  11.83 
-0.0934812  2.684  11.83 
-0.0954016  2.61  11.83 
-0.0974149  2.53615  11.83 
-0.0994902  2.4632  11.83 
-0.101588  2.39204  11.83 
-0.10367  2.32358  11.83 
-0.105697  2.25871  11.83 
-0.107634  2.19815  11.83 
-0.109467  2.14189  11.83 
-0.111188  2.08976  11.83 
-0.112786  2.04157  11.83 
-0.114253  1.99714  11.83 
-0.115652  1.95369  11.83 
-0.117337  1.89803  11.83 
-0.119733  1.81438  11.83 
-0.123267  1.68696  11.83 
-0.128366  1.50001  11.83 

-0.0169942  12.378  11.83 
-0.0171774  12.304  11.83 
-0.0173634  12.23  11.83 
-0.0175525  12.156  11.83 
-0.0177447  12.082  11.83 
-0.0179399  12.008  11.83 
-0.0181382  11.934  11.83 
-0.0183396  11.86  11.83 
-0.0185441  11.786  11.83 
-0.0187518  11.712  11.83 
-0.0189627  11.638  11.83 
-0.019177  11.564  11.83 
-0.0193948  11.49  11.83 
-0.0196161  11.416  11.83 
-0.0198411  11.342  11.83 
-0.0200699  11.268  11.83 
-0.0203024  11.194  11.83 
-0.0205389  11.12  11.83 
-0.0207794  11.046  11.83 
-0.021024  10.972  11.83 
-0.0212727  10.898  11.83 
-0.0215257  10.824  11.83 
-0.0217831  10.75  11.83 
-0.022045  10.676  11.83 
-0.0223114  10.602  11.83 
-0.0225826  10.528  11.83 
-0.0228585  10.454  11.83 
-0.0231394  10.38  11.83 
-0.0234253  10.306  11.83 
-0.0237163  10.232  11.83 
-0.0240126  10.158  11.83 
-0.0243144  10.084  11.83 
-0.0246217  10.01  11.83 
-0.0249347  9.936  11.83 
-0.0252535  9.862  11.83 
-0.0255782  9.788  11.83 
-0.0259091  9.714  11.83 
-0.0262463  9.64  11.83 
-0.0265901  9.566  11.83 
-0.0269424  9.492  11.83 
-0.0273052  9.418  11.83 
-0.0276804  9.344  11.83 
-0.0280701  9.27  11.83 
-0.0284755  9.196  11.83 
-0.0288943  9.122  11.83 
-0.0293232  9.048  11.83 
-0.0297593  8.974  11.83 
-0.0301993  8.9  11.83 
-0.0306409  8.826  11.83 
-0.0310851  8.752  11.83 
-0.0315336  8.678  11.83 
-0.0319883  8.604  11.83 
-0.0324508  8.53  11.83 
-0.0329197  8.45641  11.83 
-0.03338  8.38532  11.83 
-0.0338134  8.3192  11.83 
-0.0342016  8.26054  11.83 
-0.0345264  8.21183  11.83 
-0.0347762  8.1744  11.83 
-0.0349669  8.14491  11.83 
-0.0351209  8.11884  11.83 
-0.0352608  8.09171  11.83 
-0.0354091  8.059  11.83 
-0.0355845  8.01721  11.83 
-0.0357893  7.9669  11.83 
-0.036022  7.90959  11.83 
-0.0362811  7.84683  11.83 
-0.0365651  7.78017  11.83 
-0.0368718  7.71096  11.83 
-0.0371965  7.63988  11.83 
-0.0375341  7.56737  11.83 
-0.037879  7.49392  11.83 
-0.0382262  7.42  11.83 
-0.0385715  7.346  11.83 
-0.0389157  7.272  11.83 
-0.039261  7.198  11.83 
-0.0396094  7.124  11.83 
-0.039963  7.05  11.83 
-0.0403238  6.976  11.83 
-0.040693  6.902  11.83 
-0.0410719  6.828  11.83 
-0.0414616  6.754  11.83 
-0.0418634  6.68  11.83 
-0.042278  6.606  11.83 
-0.0427047  6.532  11.83 
-0.0431423  6.458  11.83 
-0.0435897  6.384  11.83 
-0.0440457  6.31  11.83 
-0.0445095  6.236  11.83 
-0.044982  6.162  11.83 
-0.0454643  6.088  11.83 
-0.0459577  6.014  11.83 
-0.0464633  5.94  11.83 
-0.0469823  5.866  11.83 
-0.0475154  5.792  11.83 
-0.0480633  5.718  11.83 
-0.0486269  5.644  11.83 
-0.0492067  5.57  11.83 
-0.0498035  5.496  11.83 

-0.00671244  20  11.83 
-0.00686203  19.799  11.83 
-0.00698558  19.6349  11.83 
-0.0070883  19.5005  11.83 
-0.00717542  19.3883  11.83 
-0.00725213  19.2908  11.83 
-0.007323  19.2018  11.83 
-0.00738984  19.1187  11.83 
-0.00745381  19.04  11.83 
-0.00751608  18.9642  11.83 
-0.0075778  18.89  11.83 
-0.00763992  18.816  11.83 
-0.00770267  18.742  11.83 
-0.00776604  18.668  11.83 
-0.00783005  18.594  11.83 
-0.00789472  18.52  11.83 
-0.00796005  18.446  11.83 
-0.00802605  18.372  11.83 
-0.00809272  18.298  11.83 
-0.00816008  18.224  11.83 
-0.00822813  18.15  11.83 
-0.00829686  18.076  11.83 
-0.00836631  18.002  11.83 
-0.00843648  17.928  11.83 
-0.00850739  17.854  11.83 
-0.00857905  17.78  11.83 
-0.00865148  17.706  11.83 
-0.00872469  17.632  11.83 
-0.0087987  17.558  11.83 
-0.0088735  17.484  11.83 
-0.00894911  17.41  11.83 
-0.00902554  17.336  11.83 
-0.0091028  17.262  11.83 
-0.00918091  17.188  11.83 
-0.00925989  17.114  11.83 
-0.00933974  17.04  11.83 
-0.00942049  16.966  11.83 
-0.00950214  16.892  11.83 
-0.00958472  16.818  11.83 
-0.00966822  16.744  11.83 
-0.00975268  16.67  11.83 
-0.00983809  16.596  11.83 
-0.00992448  16.522  11.83 
-0.0100119  16.448  11.83 
-0.0101002  16.374  11.83 
-0.0101896  16.3  11.83 
-0.01028  16.226  11.83 
-0.0103715  16.152  11.83 
-0.010464  16.078  11.83 
-0.0105577  16.004  11.83 
-0.0106524  15.93  11.83 
-0.0107483  15.856  11.83 
-0.0108454  15.782  11.83 
-0.0109437  15.708  11.83 
-0.0110431  15.634  11.83 
-0.0111438  15.56  11.83 
-0.0112456  15.486  11.83 
-0.0113488  15.412  11.83 
-0.0114531  15.338  11.83 
-0.0115588  15.264  11.83 
-0.0116658  15.19  11.83 
-0.0117742  15.116  11.83 
-0.0118839  15.042  11.83 
-0.011995  14.968  11.83 
-0.0121075  14.894  11.83 
-0.0122214  14.82  11.83 
-0.0123369  14.746  11.83 
-0.0124538  14.672  11.83 
-0.0125723  14.598  11.83 
-0.0126923  14.524  11.83 
-0.0128139  14.45  11.83 
-0.012937  14.376  11.83 
-0.0130618  14.302  11.83 
-0.0131883  14.228  11.83 
-0.0133164  14.154  11.83 
-0.0134463  14.08  11.83 
-0.013578  14.006  11.83 
-0.0137114  13.932  11.83 
-0.0138467  13.858  11.83 
-0.0139839  13.784  11.83 
-0.0141229  13.71  11.83 
-0.0142638  13.636  11.83 
-0.0144066  13.562  11.83 
-0.0145515  13.488  11.83 
-0.0146983  13.414  11.83 
-0.0148473  13.34  11.83 
-0.0149985  13.266  11.83 
-0.0151518  13.192  11.83 
-0.0153074  13.118  11.83 
-0.0154652  13.044  11.83 
-0.0156253  12.97  11.83 
-0.0157877  12.896  11.83 
-0.0159525  12.822  11.83 
-0.0161197  12.748  11.83 
-0.0162894  12.674  11.83 
-0.0164616  12.6  11.83 
-0.0166365  12.526  11.83 
-0.016814  12.452  11.83 
-0.0169942  12.378  11.83 

 0.0123881  14.894  11.83 
 0.0123189  14.968  11.83 
 0.012251  15.042  11.83 
 0.0121843  15.116  11.83 
 0.0121189  15.19  11.83 
 0.0120546  15.264  11.83 
 0.0119916  15.338  11.83 
 0.0119297  15.412  11.83 
 0.011869  15.486  11.83 
 0.0118094  15.56  11.83 
 0.0117508  15.634  11.83 
 0.0116933  15.708  11.83 
 0.0116369  15.782  11.83 
 0.0115815  15.856  11.83 
 0.0115272  15.93  11.83 
 0.0114738  16.004  11.83 
 0.0114214  16.078  11.83 
 0.01137  16.152  11.83 
 0.0113195  16.226  11.83 
 0.0112699  16.3  11.83 
 0.0112212  16.374  11.83 
 0.0111735  16.448  11.83 
 0.0111266  16.522  11.83 
 0.0110806  16.596  11.83 
 0.0110354  16.67  11.83 
 0.010991  16.744  11.83 
 0.0109475  16.818  11.83 
 0.0109048  16.892  11.83 
 0.0108629  16.966  11.83 
 0.0108218  17.04  11.83 
 0.0107814  17.114  11.83 
 0.0107418  17.188  11.83 
 0.010703  17.262  11.83 
 0.0106649  17.336  11.83 
 0.0106275  17.41  11.83 
 0.0105908  17.484  11.83 
 0.0105548  17.558  11.83 
 0.0105195  17.632  11.83 
 0.0104849  17.706  11.83 
 0.010451  17.78  11.83 
 0.0104178  17.854  11.83 
 0.0103852  17.928  11.83 
 0.0103532  18.002  11.83 
 0.0103219  18.076  11.83 
 0.0102912  18.15  11.83 
 0.0102611  18.224  11.83 
 0.0102316  18.298  11.83 
 0.0102027  18.372  11.83 
 0.0101744  18.446  11.83 
 0.0101467  18.52  11.83 
 0.0101196  18.594  11.83 
 0.0100931  18.668  11.83 
 0.0100671  18.742  11.83 
 0.0100417  18.816  11.83 
 0.0100168  18.89  11.83 
 0.00999244  18.9642  11.83 
 0.00996829  19.04  11.83 
 0.00994403  19.1187  11.83 
 0.00991934  19.2018  11.83 
 0.0098939  19.2908  11.83 
 0.00986711  19.3883  11.83 
 0.00983736  19.5005  11.83 
 0.00980278  19.6349  11.83 
 0.00976149  19.799  11.83 
 0.00971161  20  11.83 

 0.0353632  7.642  11.83 
 0.0347173  7.716  11.83 
 0.0341042  7.79  11.83 
 0.0335261  7.864  11.83 
 0.032977  7.938  11.83 
 0.0324492  8.012  11.83 
 0.0319347  8.086  11.83 
 0.0314256  8.16  11.83 
 0.030916  8.234  11.83 
 0.0304076  8.308  11.83 
 0.0299039  8.382  11.83 
 0.0294087  8.456  11.83 
 0.0289255  8.53  11.83 
 0.0284571  8.604  11.83 
 0.0280035  8.678  11.83 
 0.0275637  8.752  11.83 
 0.0271368  8.826  11.83 
 0.0267218  8.9  11.83 
 0.0263181  8.974  11.83 
 0.0259251  9.048  11.83 
 0.0255426  9.122  11.83 
 0.0251702  9.196  11.83 
 0.0248076  9.27  11.83 
 0.0244546  9.344  11.83 
 0.0241109  9.418  11.83 
 0.0237763  9.492  11.83 
 0.0234505  9.566  11.83 
 0.0231333  9.64  11.83 
 0.0228244  9.714  11.83 
 0.0225238  9.788  11.83 
 0.0222314  9.862  11.83 
 0.0219469  9.936  11.83 
 0.0216704  10.01  11.83 
 0.0214017  10.084  11.83 
 0.0211403  10.158  11.83 
 0.0208857  10.232  11.83 
 0.0206374  10.306  11.83 
 0.0203949  10.38  11.83 
 0.0201579  10.454  11.83 
 0.019926  10.528  11.83 
 0.0196993  10.602  11.83 
 0.0194775  10.676  11.83 
 0.0192606  10.75  11.83 
 0.0190484  10.824  11.83 
 0.0188409  10.898  11.83 
 0.018638  10.972  11.83 
 0.0184396  11.046  11.83 
 0.0182458  11.12  11.83 
 0.0180563  11.194  11.83 
 0.0178711  11.268  11.83 
 0.0176902  11.342  11.83 
 0.0175132  11.416  11.83 
 0.0173402  11.49  11.83 
 0.0171711  11.564  11.83 
 0.0170056  11.638  11.83 
 0.0168437  11.712  11.83 
 0.0166854  11.786  11.83 
 0.0165304  11.86  11.83 
 0.0163788  11.934  11.83 
 0.0162304  12.008  11.83 
 0.0160852  12.082  11.83 
 0.015943  12.156  11.83 
 0.0158038  12.23  11.83 
 0.0156676  12.304  11.83 
 0.0155344  12.378  11.83 
 0.0154045  12.452  11.83 
 0.0152781  12.526  11.83 
 0.0151553  12.6  11.83 
 0.0150365  12.674  11.83 
 0.0149219  12.748  11.83 
 0.0148122  12.822  11.83 
 0.0147077  12.896  11.83 
 0.014609  12.97  11.83 
 0.0145162  13.044  11.83 
 0.0144277  13.118  11.83 
 0.0143413  13.192  11.83 
 0.0142551  13.266  11.83 
 0.014167  13.34  11.83 
 0.0140755  13.414  11.83 
 0.0139813  13.488  11.83 
 0.0138855  13.562  11.83 
 0.0137893  13.636  11.83 
 0.0136937  13.71  11.83 
 0.0135998  13.784  11.83 
 0.0135078  13.858  11.83 
 0.0134175  13.932  11.83 
 0.0133289  14.006  11.83 
 0.013242  14.08  11.83 
 0.0131568  14.154  11.83 
 0.0130732  14.228  11.83 
 0.0129911  14.302  11.83 
 0.0129107  14.376  11.83 
 0.0128317  14.45  11.83 
 0.0127542  14.524  11.83 
 0.0126782  14.598  11.83 
 0.0126037  14.672  11.83 
 0.0125305  14.746  11.83 
 0.0124586  14.82  11.83 
 0.0123881  14.894  11.83 

 0.175073  1.5  11.83 
 0.168623  1.58447  11.83 
 0.162907  1.66228  11.83 
 0.157765  1.73546  11.83 
 0.153034  1.80604  11.83 
 0.148552  1.87603  11.83 
 0.144206  1.9467  11.83 
 0.140071  2.01619  11.83 
 0.13627  2.08187  11.83 
 0.132925  2.14111  11.83 
 0.13016  2.1913  11.83 
 0.128039  2.23091  11.83 
 0.126401  2.26288  11.83 
 0.125023  2.29128  11.83 
 0.123686  2.32014  11.83 
 0.122168  2.35353  11.83 
 0.120298  2.39463  11.83 
 0.118107  2.44322  11.83 
 0.115672  2.4982  11.83 
 0.113073  2.55848  11.83 
 0.110389  2.62296  11.83 
 0.107691  2.69064  11.83 
 0.105023  2.7608  11.83 
 0.102422  2.83283  11.83 
 0.0999228  2.9061  11.83 
 0.0975618  2.98  11.83 
 0.0953711  3.05374  11.83 
 0.0933652  3.12593  11.83 
 0.0915545  3.19501  11.83 
 0.0899495  3.25944  11.83 
 0.0885605  3.31766  11.83 
 0.0873864  3.36866  11.83 
 0.0863793  3.4136  11.83 
 0.0854798  3.45416  11.83 
 0.0846288  3.49206  11.83 
 0.0837666  3.52898  11.83 
 0.0828419  3.56655  11.83 
 0.0818345  3.60611  11.83 
 0.080732  3.64892  11.83 
 0.0795219  3.69623  11.83 
 0.0781921  3.74933  11.83 
 0.07674  3.80902  11.83 
 0.0752019  3.87433  11.83 
 0.0736243  3.94388  11.83 
 0.0720534  4.01623  11.83 
 0.0705354  4.09  11.83 
 0.0691072  4.164  11.83 
 0.0677666  4.238  11.83 
 0.0665021  4.312  11.83 
 0.0653021  4.386  11.83 
 0.0641551  4.46  11.83 
 0.0630515  4.534  11.83 
 0.0619894  4.608  11.83 
 0.0609691  4.682  11.83 
 0.0599908  4.756  11.83 
 0.0590548  4.83  11.83 
 0.0581609  4.904  11.83 
 0.0573074  4.978  11.83 
 0.0564924  5.052  11.83 
 0.055714  5.126  11.83 
 0.0549701  5.2  11.83 
 0.0542587  5.274  11.83 
 0.0535779  5.348  11.83 
 0.0529255  5.422  11.83 
 0.0522995  5.496  11.83 
 0.0516979  5.57  11.83 
 0.051119  5.644  11.83 
 0.0505621  5.718  11.83 
 0.0500273  5.792  11.83 
 0.0495143  5.866  11.83 
 0.049023  5.94  11.83 
 0.0485527  6.014  11.83 
 0.0481015  6.088  11.83 
 0.0476666  6.162  11.83 
 0.0472455  6.236  11.83 
 0.0468359  6.31  11.83 
 0.0464368  6.38367  11.83 
 0.0460553  6.45539  11.83 
 0.0457  6.5232  11.83 
 0.0453797  6.58514  11.83 
 0.045103  6.63926  11.83 
 0.0448723  6.68441  11.83 
 0.0446639  6.72269  11.83 
 0.0444478  6.75701  11.83 
 0.044194  6.79026  11.83 
 0.0438724  6.82537  11.83 
 0.0434602  6.86476  11.83 
 0.0429634  6.90895  11.83 
 0.0423953  6.95801  11.83 
 0.0417691  7.01198  11.83 
 0.041098  7.07093  11.83 
 0.0403947  7.13471  11.83 
 0.0396692  7.20252  11.83 
 0.0389313  7.27334  11.83 
 0.0381903  7.34617  11.83 
 0.0374559  7.42  11.83 
 0.0367367  7.494  11.83 
 0.0360377  7.568  11.83 
 0.0353632  7.642  11.83 


# Contour 1, label:     6.18
 0.123944  14.8206  6.18 
 0.123884  14.8165  6.18 
 0.12386  14.8158  6.18 

 0.12386  14.8158  6.18 
 0.123844  14.8165  6.18 
 0.123823  14.8206  6.18 
 0.123788  14.8307  6.18 
 0.123728  14.8498  6.18 
 0.123636  14.8806  6.18 
 0.123503  14.925  6.18 
 0.123337  14.9811  6.18 
 0.12315  15.0459  6.18 
 0.122951  15.1165  6.18 
 0.122752  15.19  6.18 
 0.122561  15.264  6.18 
 0.12238  15.338  6.18 
 0.122209  15.412  6.18 
 0.122048  15.486  6.18 
 0.121898  15.56  6.18 
 0.121757  15.634  6.18 
 0.121627  15.708  6.18 
 0.121506  15.782  6.18 
 0.121396  15.856  6.18 
 0.121295  15.93  6.18 
 0.121205  16.004  6.18 
 0.121124  16.078  6.18 
 0.121055  16.152  6.18 
 0.120997  16.226  6.18 
 0.120951  16.3  6.18 
 0.120917  16.374  6.18 
 0.120897  16.448  6.18 
 0.12089  16.522  6.18 
 0.120896  16.596  6.18 
 0.120917  16.67  6.18 
 0.120952  16.744  6.18 
 0.121003  16.818  6.18 
 0.121071  16.892  6.18 
 0.121158  16.966  6.18 
 0.121264  17.04  6.18 
 0.121391  17.114  6.18 
 0.121541  17.188  6.18 
 0.121717  17.262  6.18 
 0.121919  17.336  6.18 
 0.122151  17.41  6.18 
 0.122411  17.4836  6.18 
 0.122684  17.5544  6.18 
 0.122954  17.6199  6.18 
 0.123201  17.6772  6.18 
 0.123409  17.7238  6.18 
 0.123564  17.7577  6.18 
 0.123673  17.7803  6.18 
 0.123747  17.7937  6.18 
 0.123796  17.8002  6.18 
 0.123833  17.8018  6.18 
 0.123868  17.8002  6.18 
 0.123913  17.7937  6.18 
 0.12398  17.7803  6.18 
 0.124081  17.7577  6.18 
 0.124229  17.7238  6.18 
 0.124429  17.6772  6.18 
 0.124674  17.6199  6.18 
 0.12495  17.5544  6.18 
 0.125242  17.4836  6.18 
 0.125538  17.41  6.18 
 0.125826  17.336  6.18 
 0.126104  17.262  6.18 
 0.126373  17.188  6.18 
 0.126633  17.114  6.18 
 0.126885  17.04  6.18 
 0.127129  16.966  6.18 
 0.127364  16.892  6.18 
 0.127592  16.818  6.18 
 0.12781  16.744  6.18 
 0.128018  16.67  6.18 
 0.128216  16.596  6.18 
 0.128403  16.522  6.18 
 0.128578  16.448  6.18 
 0.128739  16.374  6.18 
 0.128885  16.3  6.18 
 0.129016  16.226  6.18 
 0.129129  16.152  6.18 
 0.129224  16.078  6.18 
 0.129299  16.004  6.18 
 0.129353  15.93  6.18 
 0.129384  15.856  6.18 
 0.129387  15.782  6.18 
 0.129358  15.708  6.18 
 0.129292  15.634  6.18 
 0.129184  15.56  6.18 
 0.129026  15.486  6.18 
 0.128808  15.412  6.18 
 0.128514  15.338  6.18 
 0.128132  15.264  6.18 
 0.127648  15.19  6.18 
 0.127059  15.1165  6.18 
 0.12641  15.0459  6.18 
 0.125755  14.9811  6.18 
 0.12515  14.925  6.18 
 0.12465  14.8806  6.18 
 0.124296  14.8498  6.18 
 0.124071  14.8307  6.18 
 0.123944  14.8206  6.18 

 0.164795  11.254  6.18 
 0.163807  11.2673  6.18 
 0.163048  11.3033  6.18 
 0.162466  11.3565  6.18 
 0.162007  11.4215  6.18 
 0.161619  11.4927  6.18 
 0.161259  11.5654  6.18 
 0.160916  11.6386  6.18 
 0.160592  11.7122  6.18 
 0.160286  11.786  6.18 
 0.159998  11.86  6.18 
 0.159728  11.934  6.18 
 0.159479  12.008  6.18 
 0.159251  12.082  6.18 
 0.159047  12.156  6.18 
 0.158869  12.23  6.18 
 0.158719  12.304  6.18 
 0.158601  12.378  6.18 
 0.158517  12.452  6.18 
 0.158471  12.526  6.18 
 0.158467  12.6  6.18 
 0.15851  12.674  6.18 
 0.158612  12.748  6.18 
 0.158786  12.822  6.18 
 0.159047  12.896  6.18 
 0.159408  12.97  6.18 
 0.159874  13.0436  6.18 
 0.160413  13.1147  6.18 
 0.160984  13.1809  6.18 
 0.161544  13.2397  6.18 
 0.162052  13.2886  6.18 
 0.162476  13.3258  6.18 
 0.162821  13.3521  6.18 
 0.163098  13.3691  6.18 
 0.163323  13.3782  6.18 
 0.163506  13.3809  6.18 
 0.163664  13.3782  6.18 
 0.163818  13.3691  6.18 
 0.163993  13.3521  6.18 
 0.164211  13.3258  6.18 
 0.164497  13.2886  6.18 
 0.164867  13.2397  6.18 
 0.165306  13.1809  6.18 
 0.165795  13.1147  6.18 
 0.166311  13.0436  6.18 
 0.166833  12.97  6.18 
 0.167344  12.896  6.18 
 0.16784  12.822  6.18 
 0.168322  12.748  6.18 
 0.168789  12.674  6.18 
 0.169243  12.6  6.18 
 0.169683  12.526  6.18 
 0.170108  12.452  6.18 
 0.170515  12.378  6.18 
 0.170902  12.304  6.18 
 0.171266  12.23  6.18 
 0.171606  12.156  6.18 
 0.171914  12.082  6.18 
 0.172183  12.008  6.18 
 0.172405  11.934  6.18 
 0.172573  11.86  6.18 
 0.172671  11.786  6.18 
 0.172646  11.7122  6.18 
 0.17244  11.6386  6.18 
 0.171991  11.5654  6.18 
 0.171241  11.4927  6.18 
 0.170161  11.4215  6.18 
 0.168847  11.3565  6.18 
 0.167429  11.3033  6.18 
 0.166036  11.2673  6.18 
 0.164795  11.254  6.18 

 0.206025  8.88749  6.18 
 0.20469  8.88866  6.18 
 0.203833  8.89384  6.18 
 0.203301  8.90554  6.18 
 0.202941  8.92627  6.18 
 0.2026  8.95854  6.18 
 0.202158  9.00397  6.18 
 0.201615  9.06064  6.18 
 0.201003  9.12575  6.18 
 0.200354  9.19647  6.18 
 0.199701  9.27  6.18 
 0.199071  9.344  6.18 
 0.198469  9.418  6.18 
 0.197896  9.492  6.18 
 0.197354  9.566  6.18 
 0.196843  9.64  6.18 
 0.196365  9.714  6.18 
 0.195928  9.788  6.18 
 0.195541  9.862  6.18 
 0.195212  9.936  6.18 
 0.194951  10.01  6.18 
 0.194773  10.0839  6.18 
 0.19473  10.1575  6.18 
 0.194878  10.2301  6.18 
 0.195275  10.3016  6.18 
 0.195979  10.3714  6.18 
 0.197019  10.4385  6.18 
 0.19831  10.4988  6.18 
 0.199739  10.5477  6.18 
 0.201194  10.5804  6.18 
 0.20256  10.5924  6.18 
 0.20375  10.5804  6.18 
 0.20478  10.5477  6.18 
 0.205693  10.4988  6.18 
 0.20653  10.4385  6.18 
 0.207334  10.3714  6.18 
 0.208139  10.3016  6.18 
 0.208949  10.2301  6.18 
 0.209762  10.1575  6.18 
 0.210575  10.0839  6.18 
 0.211386  10.01  6.18 
 0.212191  9.936  6.18 
 0.21299  9.862  6.18 
 0.213783  9.788  6.18 
 0.214569  9.714  6.18 
 0.215348  9.64  6.18 
 0.216116  9.566  6.18 
 0.21685  9.492  6.18 
 0.217523  9.418  6.18 
 0.218107  9.344  6.18 
 0.218575  9.27  6.18 
 0.218889  9.19647  6.18 
 0.218958  9.12575  6.18 
 0.218683  9.06064  6.18 
 0.217961  9.00397  6.18 
 0.216691  8.95854  6.18 
 0.214832  8.92627  6.18 
 0.212581  8.90554  6.18 
 0.210192  8.89384  6.18 
 0.207921  8.88866  6.18 
 0.206025  8.88749  6.18 

 0.260878  7.94126  6.18 
 0.263041  7.87173  6.18 
 0.265572  7.8051  6.18 
 0.268496  7.7421  6.18 
 0.27164  7.6835  6.18 
 0.27478  7.63011  6.18 
 0.277694  7.5827  6.18 
 0.280158  7.54205  6.18 
 0.282018  7.5082  6.18 
 0.283395  7.47816  6.18 
 0.284477  7.44818  6.18 
 0.285454  7.41452  6.18 
 0.286515  7.37343  6.18 
 0.287811  7.32216  6.18 
 0.289349  7.26194  6.18 
 0.291096  7.19502  6.18 
 0.29302  7.12363  6.18 
 0.295091  7.05  6.18 
 0.297284  6.97622  6.18 
 0.299599  6.90375  6.18 
 0.302046  6.83389  6.18 
 0.304633  6.76797  6.18 
 0.307368  6.70728  6.18 
 0.31024  6.65276  6.18 
 0.313155  6.60382  6.18 
 0.315998  6.55948  6.18 
 0.318655  6.5188  6.18 
 0.321012  6.48078  6.18 
 0.322997  6.4443  6.18 
 0.324712  6.40754  6.18 
 0.326301  6.3685  6.18 
 0.32791  6.32518  6.18 
 0.329683  6.27561  6.18 
 0.33174  6.21851  6.18 
 0.334102  6.15551  6.18 
 0.336768  6.08897  6.18 
 0.339735  6.02124  6.18 
 0.342999  5.95469  6.18 
 0.346527  5.8914  6.18 
 0.350156  5.83248  6.18 
 0.353694  5.77878  6.18 
 0.356947  5.73114  6.18 
 0.359723  5.69041  6.18 
 0.361898  5.65665  6.18 
 0.363637  5.62684  6.18 
 0.365174  5.59716  6.18 
 0.366745  5.56383  6.18 
 0.368584  5.52302  6.18 
 0.370874  5.47213  6.18 
 0.373589  5.41333  6.18 
 0.376649  5.34997  6.18 
 0.379975  5.28542  6.18 
 0.383489  5.22304  6.18 
 0.387106  5.16556  6.18 
 0.390716  5.11326  6.18 
 0.394205  5.06577  6.18 
 0.397458  5.02274  6.18 
 0.400361  4.98381  6.18 
 0.402857  4.94825  6.18 
 0.405126  4.91382  6.18 
 0.407405  4.87794  6.18 
 0.409933  4.83799  6.18 
 0.412947  4.79137  6.18 
 0.416543  4.73643  6.18 
 0.420245  4.67536  6.18 
 0.423437  4.61127  6.18 
 0.425499  4.54731  6.18 
 0.425816  4.48661  6.18 
 0.423976  4.43211  6.18 
 0.420407  4.38609  6.18 
 0.415742  4.35063  6.18 
 0.410615  4.32782  6.18 
 0.405661  4.31975  6.18 

 0.40566  4.31975  6.18 
 0.401362  4.32773  6.18 
 0.397602  4.34988  6.18 
 0.394112  4.38356  6.18 
 0.390623  4.42613  6.18 
 0.386868  4.47492  6.18 
 0.38267  4.52732  6.18 
 0.378227  4.58074  6.18 
 0.373826  4.63263  6.18 
 0.369755  4.68043  6.18 
 0.366305  4.7216  6.18 
 0.363668  4.75471  6.18 
 0.361659  4.78287  6.18 
 0.359997  4.81031  6.18 
 0.358402  4.84127  6.18 
 0.356592  4.87998  6.18 
 0.354346  4.92941  6.18 
 0.351676  4.98731  6.18 
 0.348655  5.05018  6.18 
 0.345353  5.1145  6.18 
 0.341842  5.17675  6.18 
 0.338206  5.23408  6.18 
 0.334573  5.28621  6.18 
 0.331087  5.33354  6.18 
 0.327887  5.37645  6.18 
 0.325116  5.41534  6.18 
 0.322864  5.45094  6.18 
 0.321018  5.48549  6.18 
 0.319412  5.52153  6.18 
 0.317881  5.56165  6.18 
 0.31626  5.60842  6.18 
 0.314405  5.6636  6.18 
 0.31226  5.72571  6.18 
 0.30979  5.79247  6.18 
 0.30696  5.8616  6.18 
 0.303733  5.93081  6.18 
 0.300124  5.99793  6.18 
 0.296337  6.0612  6.18 
 0.292626  6.11899  6.18 
 0.289245  6.16967  6.18 
 0.286448  6.21159  6.18 
 0.284408  6.24416  6.18 
 0.282986  6.27094  6.18 
 0.28196  6.29652  6.18 
 0.28111  6.3255  6.18 
 0.280216  6.36248  6.18 
 0.279103  6.41087  6.18 
 0.277776  6.46934  6.18 
 0.276287  6.53536  6.18 
 0.274687  6.60642  6.18 
 0.273026  6.68  6.18 
 0.27133  6.75392  6.18 
 0.269524  6.82738  6.18 
 0.267505  6.89992  6.18 
 0.265173  6.97107  6.18 
 0.262426  7.04037  6.18 
 0.259223  7.10717  6.18 
 0.255769  7.17009  6.18 
 0.25233  7.22755  6.18 
 0.249169  7.27798  6.18 
 0.246552  7.3198  6.18 
 0.244668  7.35247  6.18 
 0.243397  7.3795  6.18 
 0.242541  7.40541  6.18 
 0.241905  7.43474  6.18 
 0.241291  7.47203  6.18 
 0.240542  7.52064  6.18 
 0.239658  7.57924  6.18 
 0.238679  7.64533  6.18 
 0.237644  7.71642  6.18 
 0.236593  7.79  6.18 
 0.235559  7.864  6.18 
 0.234551  7.938  6.18 
 0.233572  8.012  6.18 
 0.232626  8.086  6.18 
 0.231715  8.16  6.18 
 0.230867  8.23395  6.18 
 0.230207  8.30757  6.18 
 0.229883  8.38054  6.18 
 0.230044  8.45254  6.18 
 0.23084  8.52324  6.18 
 0.232355  8.59155  6.18 
 0.234419  8.65329  6.18 
 0.236797  8.70351  6.18 
 0.239255  8.73728  6.18 
 0.241558  8.74963  6.18 
 0.243525  8.73728  6.18 
 0.245186  8.70351  6.18 
 0.246623  8.65329  6.18 
 0.24792  8.59155  6.18 
 0.249159  8.52324  6.18 
 0.250411  8.45254  6.18 
 0.251697  8.38054  6.18 
 0.253025  8.30757  6.18 
 0.254402  8.23395  6.18 
 0.255838  8.16  6.18 
 0.257351  8.08612  6.18 
 0.259006  8.01297  6.18 
 0.260878  7.94126  6.18 

 0.441504  3.90149  6.18 
 0.437485  3.91208  6.18 
 0.433703  3.94095  6.18 
 0.430536  3.98376  6.18 
 0.42836  4.03618  6.18 
 0.427551  4.09388  6.18 
 0.42836  4.15237  6.18 
 0.430536  4.20672  6.18 
 0.433703  4.25183  6.18 
 0.437485  4.28262  6.18 
 0.441504  4.29401  6.18 
 0.445404  4.28262  6.18 
 0.4489  4.25183  6.18 
 0.451726  4.20672  6.18 
 0.453617  4.15237  6.18 
 0.454306  4.09388  6.18 
 0.453617  4.03618  6.18 
 0.451726  3.98376  6.18 
 0.4489  3.94095  6.18 
 0.445404  3.91208  6.18 
 0.441504  3.90149  6.18 

 0.479035  3.55748  6.18 
 0.47493  3.56644  6.18 
 0.470728  3.59018  6.18 
 0.467008  3.62397  6.18 
 0.46435  3.66307  6.18 
 0.463336  3.70277  6.18 
 0.46435  3.73888  6.18 
 0.467008  3.76943  6.18 
 0.470728  3.79302  6.18 
 0.47493  3.80821  6.18 
 0.479035  3.81358  6.18 
 0.482552  3.80821  6.18 
 0.485353  3.79302  6.18 
 0.4874  3.76943  6.18 
 0.488656  3.73888  6.18 
 0.489083  3.70277  6.18 
 0.488656  3.66307  6.18 
 0.4874  3.62397  6.18 
 0.485353  3.59018  6.18 
 0.482552  3.56644  6.18 
 0.479035  3.55748  6.18 

 0.519229  3.28134  6.18 
 0.516481  3.28513  6.18 
 0.513589  3.29516  6.18 
 0.510986  3.30946  6.18 
 0.509106  3.32601  6.18 
 0.508383  3.34284  6.18 
 0.509106  3.35819  6.18 
 0.510986  3.37119  6.18 
 0.513589  3.38125  6.18 
 0.516481  3.38773  6.18 
 0.519229  3.39003  6.18 
 0.521475  3.38773  6.18 
 0.523172  3.38125  6.18 
 0.524347  3.37119  6.18 
 0.525032  3.35819  6.18 
 0.525253  3.34284  6.18 
 0.525032  3.32601  6.18 
 0.524347  3.30946  6.18 
 0.523172  3.29516  6.18 
 0.521475  3.28513  6.18 
 0.519229  3.28134  6.18 

-0.0351281  5.27719  6.18 
-0.0353497  5.24876  6.18 
-0.0355333  5.22095  6.18 
-0.0357135  5.18959  6.18 
-0.0359248  5.15052  6.18 
-0.0361943  5.10067  6.18 
-0.0365189  5.04131  6.18 
-0.0368882  4.97483  6.18 
-0.0372918  4.9036  6.18 
-0.037719  4.83  6.18 
-0.0381613  4.756  6.18 
-0.0386176  4.682  6.18 
-0.0390885  4.608  6.18 
-0.0395749  4.534  6.18 
-0.0400773  4.46  6.18 
-0.0405969  4.386  6.18 
-0.0411351  4.312  6.18 
-0.0416941  4.238  6.18 
-0.0422757  4.164  6.18 
-0.0428817  4.09  6.18 
-0.0435143  4.016  6.18 
-0.0441756  3.942  6.18 
-0.0448679  3.868  6.18 
-0.0455936  3.794  6.18 
-0.0463551  3.72  6.18 
-0.047154  3.646  6.18 
-0.0479901  3.572  6.18 
-0.0488627  3.498  6.18 
-0.0497709  3.424  6.18 
-0.0507139  3.35  6.18 
-0.0516917  3.276  6.18 
-0.0527073  3.202  6.18 
-0.0537642  3.128  6.18 
-0.0548661  3.054  6.18 
-0.0560168  2.98  6.18 
-0.0572204  2.906  6.18 
-0.0584836  2.832  6.18 
-0.0598135  2.758  6.18 
-0.0612173  2.684  6.18 
-0.0627022  2.61  6.18 
-0.0642648  2.53628  6.18 
-0.0658599  2.46425  6.18 
-0.0674318  2.39561  6.18 
-0.0689248  2.33204  6.18 
-0.0702832  2.27523  6.18 
-0.0714701  2.22611  6.18 
-0.072524  2.18248  6.18 
-0.0735022  2.14138  6.18 
-0.0744618  2.09987  6.18 
-0.0754603  2.05498  6.18 
-0.0765825  2.00234  6.18 
-0.0780239  1.93194  6.18 
-0.0800078  1.83236  6.18 
-0.0827572  1.69219  6.18 
-0.0864952  1.50001  6.18 

-0.0066655  12.378  6.18 
-0.00676254  12.304  6.18 
-0.00686111  12.23  6.18 
-0.00696127  12.156  6.18 
-0.00706302  12.082  6.18 
-0.00716636  12.008  6.18 
-0.0072713  11.934  6.18 
-0.00737785  11.86  6.18 
-0.007486  11.786  6.18 
-0.00759581  11.712  6.18 
-0.00770732  11.638  6.18 
-0.00782058  11.564  6.18 
-0.00793564  11.49  6.18 
-0.00805256  11.416  6.18 
-0.00817137  11.342  6.18 
-0.00829212  11.268  6.18 
-0.00841487  11.194  6.18 
-0.00853966  11.12  6.18 
-0.00866653  11.046  6.18 
-0.00879554  10.972  6.18 
-0.00892672  10.898  6.18 
-0.00906013  10.824  6.18 
-0.0091958  10.75  6.18 
-0.0093338  10.676  6.18 
-0.00947417  10.602  6.18 
-0.00961697  10.528  6.18 
-0.00976228  10.454  6.18 
-0.00991014  10.38  6.18 
-0.0100606  10.306  6.18 
-0.0102138  10.232  6.18 
-0.0103697  10.158  6.18 
-0.0105284  10.084  6.18 
-0.0106901  10.01  6.18 
-0.0108546  9.936  6.18 
-0.0110222  9.862  6.18 
-0.0111929  9.788  6.18 
-0.0113668  9.714  6.18 
-0.0115439  9.64  6.18 
-0.0117245  9.566  6.18 
-0.0119095  9.492  6.18 
-0.0121  9.418  6.18 
-0.0122969  9.344  6.18 
-0.0125014  9.27  6.18 
-0.012714  9.196  6.18 
-0.0129337  9.122  6.18 
-0.0131586  9.048  6.18 
-0.0133872  8.974  6.18 
-0.0136179  8.9  6.18 
-0.0138493  8.826  6.18 
-0.0140821  8.752  6.18 
-0.0143171  8.678  6.18 
-0.0145553  8.604  6.18 
-0.0147976  8.53  6.18 
-0.0150448  8.456  6.18 
-0.0152972  8.382  6.18 
-0.015555  8.308  6.18 
-0.0158183  8.234  6.18 
-0.0160874  8.16  6.18 
-0.0163628  8.086  6.18 
-0.0166468  8.012  6.18 
-0.0169422  7.938  6.18 
-0.0172516  7.864  6.18 
-0.0175778  7.79  6.18 
-0.0179222  7.716  6.18 
-0.0182818  7.642  6.18 
-0.0186523  7.568  6.18 
-0.0190295  7.494  6.18 
-0.019409  7.42  6.18 
-0.0197876  7.346  6.18 
-0.0201668  7.272  6.18 
-0.0205487  7.198  6.18 
-0.0209359  7.124  6.18 
-0.0213306  7.05  6.18 
-0.0217352  6.976  6.18 
-0.0221519  6.902  6.18 
-0.0225828  6.828  6.18 
-0.0230303  6.754  6.18 
-0.0234963  6.68  6.18 
-0.0239823  6.606  6.18 
-0.0244868  6.532  6.18 
-0.0250073  6.458  6.18 
-0.0255415  6.384  6.18 
-0.026087  6.31  6.18 
-0.0266421  6.236  6.18 
-0.0272081  6.162  6.18 
-0.0277867  6.088  6.18 
-0.0283798  6.014  6.18 
-0.0289893  5.94  6.18 
-0.0296157  5.8661  6.18 
-0.0302546  5.79278  6.18 
-0.0309  5.72063  6.18 
-0.0315462  5.65024  6.18 
-0.0321873  5.58219  6.18 
-0.0328154  5.51716  6.18 
-0.0334133  5.45627  6.18 
-0.0339618  5.40071  6.18 
-0.0344418  5.35169  6.18 
-0.034834  5.31041  6.18 
-0.0351281  5.27719  6.18 

-0.00113199  20  6.18 
-0.00121483  19.799  6.18 
-0.0012832  19.6349  6.18 
-0.00133999  19.5005  6.18 
-0.0013881  19.3883  6.18 
-0.00143042  19.2908  6.18 
-0.00146949  19.2018  6.18 
-0.00150632  19.1187  6.18 
-0.00154155  19.04  6.18 
-0.00157581  18.9642  6.18 
-0.00160975  18.89  6.18 
-0.00164389  18.816  6.18 
-0.00167836  18.742  6.18 
-0.00171315  18.668  6.18 
-0.00174828  18.594  6.18 
-0.00178374  18.52  6.18 
-0.00181955  18.446  6.18 
-0.0018557  18.372  6.18 
-0.0018922  18.298  6.18 
-0.00192905  18.224  6.18 
-0.00196626  18.15  6.18 
-0.00200383  18.076  6.18 
-0.00204177  18.002  6.18 
-0.00208008  17.928  6.18 
-0.00211877  17.854  6.18 
-0.00215786  17.78  6.18 
-0.00219735  17.706  6.18 
-0.00223724  17.632  6.18 
-0.00227754  17.558  6.18 
-0.00231826  17.484  6.18 
-0.0023594  17.41  6.18 
-0.00240096  17.336  6.18 
-0.00244295  17.262  6.18 
-0.00248538  17.188  6.18 
-0.00252827  17.114  6.18 
-0.0025716  17.04  6.18 
-0.0026154  16.966  6.18 
-0.00265967  16.892  6.18 
-0.00270441  16.818  6.18 
-0.00274965  16.744  6.18 
-0.00279537  16.67  6.18 
-0.0028416  16.596  6.18 
-0.00288833  16.522  6.18 
-0.00293557  16.448  6.18 
-0.00298333  16.374  6.18 
-0.00303161  16.3  6.18 
-0.00308043  16.226  6.18 
-0.00312979  16.152  6.18 
-0.0031797  16.078  6.18 
-0.00323019  16.004  6.18 
-0.00328126  15.93  6.18 
-0.00333293  15.856  6.18 
-0.0033852  15.782  6.18 
-0.00343809  15.708  6.18 
-0.0034916  15.634  6.18 
-0.00354574  15.56  6.18 
-0.00360052  15.486  6.18 
-0.00365594  15.412  6.18 
-0.00371203  15.338  6.18 
-0.00376879  15.264  6.18 
-0.00382622  15.19  6.18 
-0.00388436  15.116  6.18 
-0.00394321  15.042  6.18 
-0.00400277  14.968  6.18 
-0.00406308  14.894  6.18 
-0.00412414  14.82  6.18 
-0.00418597  14.746  6.18 
-0.00424858  14.672  6.18 
-0.00431197  14.598  6.18 
-0.00437617  14.524  6.18 
-0.00444119  14.45  6.18 
-0.00450703  14.376  6.18 
-0.00457371  14.302  6.18 
-0.00464126  14.228  6.18 
-0.0047097  14.154  6.18 
-0.00477904  14.08  6.18 
-0.00484931  14.006  6.18 
-0.00492051  13.932  6.18 
-0.00499266  13.858  6.18 
-0.00506577  13.784  6.18 
-0.00513985  13.71  6.18 
-0.00521492  13.636  6.18 
-0.005291  13.562  6.18 
-0.00536812  13.488  6.18 
-0.00544631  13.414  6.18 
-0.00552559  13.34  6.18 
-0.005606  13.266  6.18 
-0.00568754  13.192  6.18 
-0.00577024  13.118  6.18 
-0.00585411  13.044  6.18 
-0.00593917  12.97  6.18 
-0.00602545  12.896  6.18 
-0.00611295  12.822  6.18 
-0.00620172  12.748  6.18 
-0.00629178  12.674  6.18 
-0.00638314  12.6  6.18 
-0.00647586  12.526  6.18 
-0.00656996  12.452  6.18 
-0.0066655  12.378  6.18 

 0.00838995  15.264  6.18 
 0.00835639  15.338  6.18 
 0.00832343  15.412  6.18 
 0.00829107  15.486  6.18 
 0.00825929  15.56  6.18 
 0.00822807  15.634  6.18 
 0.00819742  15.708  6.18 
 0.00816731  15.782  6.18 
 0.00813774  15.856  6.18 
 0.00810869  15.93  6.18 
 0.00808017  16.004  6.18 
 0.00805216  16.078  6.18 
 0.00802464  16.152  6.18 
 0.00799761  16.226  6.18 
 0.00797106  16.3  6.18 
 0.00794498  16.374  6.18 
 0.00791936  16.448  6.18 
 0.00789419  16.522  6.18 
 0.00786948  16.596  6.18 
 0.00784521  16.67  6.18 
 0.00782137  16.744  6.18 
 0.00779796  16.818  6.18 
 0.00777497  16.892  6.18 
 0.00775239  16.966  6.18 
 0.00773021  17.04  6.18 
 0.00770844  17.114  6.18 
 0.00768705  17.188  6.18 
 0.00766604  17.262  6.18 
 0.00764542  17.336  6.18 
 0.00762517  17.41  6.18 
 0.00760529  17.484  6.18 
 0.00758578  17.558  6.18 
 0.00756662  17.632  6.18 
 0.00754782  17.706  6.18 
 0.00752936  17.78  6.18 
 0.00751124  17.854  6.18 
 0.00749346  17.928  6.18 
 0.00747601  18.002  6.18 
 0.00745889  18.076  6.18 
 0.00744209  18.15  6.18 
 0.0074256  18.224  6.18 
 0.00740942  18.298  6.18 
 0.00739355  18.372  6.18 
 0.00737799  18.446  6.18 
 0.00736272  18.52  6.18 
 0.00734775  18.594  6.18 
 0.00733307  18.668  6.18 
 0.00731868  18.742  6.18 
 0.00730458  18.816  6.18 
 0.00729076  18.89  6.18 
 0.00727719  18.9642  6.18 
 0.0072637  19.04  6.18 
 0.00725012  19.1187  6.18 
 0.00723624  19.2018  6.18 
 0.00722188  19.2908  6.18 
 0.0072067  19.3883  6.18 
 0.00718977  19.5005  6.18 
 0.00717003  19.6349  6.18 
 0.00714639  19.799  6.18 
 0.00711778  20  6.18 

 0.0190994  8.012  6.18 
 0.0188303  8.086  6.18 
 0.0185641  8.16  6.18 
 0.0182976  8.234  6.18 
 0.0180316  8.308  6.18 
 0.0177682  8.382  6.18 
 0.0175091  8.456  6.18 
 0.0172563  8.53  6.18 
 0.0170112  8.604  6.18 
 0.0167738  8.678  6.18 
 0.0165436  8.752  6.18 
 0.0163201  8.826  6.18 
 0.0161029  8.9  6.18 
 0.0158915  8.974  6.18 
 0.0156857  9.048  6.18 
 0.0154854  9.122  6.18 
 0.0152904  9.196  6.18 
 0.0151005  9.27  6.18 
 0.0149156  9.344  6.18 
 0.0147355  9.418  6.18 
 0.0145602  9.492  6.18 
 0.0143894  9.566  6.18 
 0.0142232  9.64  6.18 
 0.0140613  9.714  6.18 
 0.0139037  9.788  6.18 
 0.0137504  9.862  6.18 
 0.0136012  9.936  6.18 
 0.0134562  10.01  6.18 
 0.0133153  10.084  6.18 
 0.0131781  10.158  6.18 
 0.0130446  10.232  6.18 
 0.0129143  10.306  6.18 
 0.0127871  10.38  6.18 
 0.0126627  10.454  6.18 
 0.012541  10.528  6.18 
 0.0124219  10.602  6.18 
 0.0123055  10.676  6.18 
 0.0121916  10.75  6.18 
 0.0120802  10.824  6.18 
 0.0119712  10.898  6.18 
 0.0118646  10.972  6.18 
 0.0117604  11.046  6.18 
 0.0116585  11.12  6.18 
 0.0115589  11.194  6.18 
 0.0114616  11.268  6.18 
 0.0113665  11.342  6.18 
 0.0112735  11.416  6.18 
 0.0111825  11.49  6.18 
 0.0110935  11.564  6.18 
 0.0110065  11.638  6.18 
 0.0109214  11.712  6.18 
 0.010838  11.786  6.18 
 0.0107565  11.86  6.18 
 0.0106767  11.934  6.18 
 0.0105986  12.008  6.18 
 0.0105221  12.082  6.18 
 0.0104473  12.156  6.18 
 0.010374  12.23  6.18 
 0.0103022  12.304  6.18 
 0.010232  12.378  6.18 
 0.0101636  12.452  6.18 
 0.0100969  12.526  6.18 
 0.0100322  12.6  6.18 
 0.0099695  12.674  6.18 
 0.00990904  12.748  6.18 
 0.00985108  12.822  6.18 
 0.00979587  12.896  6.18 
 0.00974367  12.97  6.18 
 0.00969452  13.044  6.18 
 0.00964756  13.118  6.18 
 0.00960175  13.192  6.18 
 0.00955603  13.266  6.18 
 0.00950935  13.34  6.18 
 0.00946093  13.414  6.18 
 0.00941108  13.488  6.18 
 0.00936042  13.562  6.18 
 0.00930953  13.636  6.18 
 0.00925901  13.71  6.18 
 0.00920936  13.784  6.18 
 0.00916066  13.858  6.18 
 0.00911289  13.932  6.18 
 0.00906602  14.006  6.18 
 0.00902004  14.08  6.18 
 0.00897491  14.154  6.18 
 0.00893062  14.228  6.18 
 0.00888716  14.302  6.18 
 0.00884451  14.376  6.18 
 0.00880266  14.45  6.18 
 0.00876158  14.524  6.18 
 0.00872127  14.598  6.18 
 0.00868169  14.672  6.18 
 0.00864285  14.746  6.18 
 0.00860471  14.82  6.18 
 0.00856726  14.894  6.18 
 0.00853049  14.968  6.18 
 0.00849439  15.042  6.18 
 0.00845894  15.116  6.18 
 0.00842413  15.19  6.18 
 0.00838995  15.264  6.18 

 0.129619  1.5  6.18 
 0.125986  1.56515  6.18 
 0.122111  1.63592  6.18 
 0.118123  1.71062  6.18 
 0.114153  1.78751  6.18 
 0.110332  1.8649  6.18 
 0.106767  1.94137  6.18 
 0.103464  2.01678  6.18 
 0.100407  2.09127  6.18 
 0.0975814  2.165  6.18 
 0.0949691  2.23813  6.18 
 0.0925633  2.31034  6.18 
 0.0903929  2.3794  6.18 
 0.0884957  2.44264  6.18 
 0.0869097  2.49736  6.18 
 0.0856729  2.54086  6.18 
 0.0847883  2.57185  6.18 
 0.0841189  2.59459  6.18 
 0.0834931  2.61472  6.18 
 0.0827391  2.63791  6.18 
 0.081685  2.6698  6.18 
 0.0802087  2.71462  6.18 
 0.0783861  2.77092  6.18 
 0.0763426  2.83583  6.18 
 0.0742038  2.90648  6.18 
 0.0720951  2.98  6.18 
 0.0701188  3.054  6.18 
 0.0682843  3.128  6.18 
 0.0665778  3.202  6.18 
 0.0649856  3.276  6.18 
 0.0634937  3.35  6.18 
 0.0620898  3.424  6.18 
 0.0607672  3.498  6.18 
 0.0595206  3.572  6.18 
 0.0583447  3.646  6.18 
 0.057234  3.72  6.18 
 0.0561839  3.794  6.18 
 0.0551917  3.868  6.18 
 0.0542551  3.942  6.18 
 0.0533719  4.016  6.18 
 0.0525401  4.09  6.18 
 0.051757  4.164  6.18 
 0.051018  4.238  6.18 
 0.0503185  4.312  6.18 
 0.0496534  4.386  6.18 
 0.0490178  4.46  6.18 
 0.0484083  4.5339  6.18 
 0.0478263  4.60719  6.18 
 0.0472746  4.67926  6.18 
 0.0467561  4.74951  6.18 
 0.0462736  4.81733  6.18 
 0.045829  4.88202  6.18 
 0.0454196  4.94253  6.18 
 0.0450419  4.99773  6.18 
 0.0446924  5.04649  6.18 
 0.0443673  5.08766  6.18 
 0.0440573  5.12098  6.18 
 0.0437287  5.14968  6.18 
 0.0433422  5.17785  6.18 
 0.0428582  5.20959  6.18 
 0.0422374  5.249  6.18 
 0.0414542  5.29909  6.18 
 0.0405394  5.35858  6.18 
 0.0395376  5.42514  6.18 
 0.0384935  5.49639  6.18 
 0.0374518  5.57  6.18 
 0.0364496  5.644  6.18 
 0.0354938  5.718  6.18 
 0.0345834  5.792  6.18 
 0.0337177  5.866  6.18 
 0.0328958  5.94  6.18 
 0.0321162  6.014  6.18 
 0.0313744  6.088  6.18 
 0.030665  6.162  6.18 
 0.0299827  6.236  6.18 
 0.0293224  6.31  6.18 
 0.0286797  6.384  6.18 
 0.0280544  6.458  6.18 
 0.0274477  6.532  6.18 
 0.0268603  6.606  6.18 
 0.0262932  6.68  6.18 
 0.0257472  6.754  6.18 
 0.0252223  6.828  6.18 
 0.0247183  6.902  6.18 
 0.024235  6.976  6.18 
 0.0237724  7.05  6.18 
 0.0233299  7.124  6.18 
 0.0229054  7.198  6.18 
 0.0224965  7.272  6.18 
 0.0221009  7.346  6.18 
 0.021716  7.42  6.18 
 0.0213403  7.494  6.18 
 0.0209751  7.568  6.18 
 0.0206226  7.642  6.18 
 0.0202851  7.716  6.18 
 0.0199646  7.79  6.18 
 0.0196624  7.864  6.18 
 0.0193754  7.938  6.18 
 0.0190994  8.012  6.18 


# Contour 2, label:      2.3
 0.123842  16.2765  2.3 
 0.123838  16.2778  2.3 
 0.123835  16.2812  2.3 
 0.123833  16.2862  2.3 
 0.123831  16.2919  2.3 
 0.123831  16.2979  2.3 
 0.123831  16.3033  2.3 
 0.123833  16.308  2.3 
 0.123835  16.3117  2.3 
 0.123838  16.3141  2.3 
 0.123842  16.3149  2.3 
 0.123846  16.3141  2.3 
 0.123849  16.3117  2.3 
 0.123853  16.308  2.3 
 0.123855  16.3033  2.3 
 0.123856  16.2979  2.3 
 0.123855  16.2919  2.3 
 0.123853  16.2862  2.3 
 0.123849  16.2812  2.3 
 0.123846  16.2778  2.3 
 0.123842  16.2765  2.3 

 0.163627  12.1954  2.3 
 0.163609  12.1974  2.3 
 0.163594  12.2026  2.3 
 0.163582  12.2103  2.3 
 0.163574  12.2196  2.3 
 0.163572  12.2297  2.3 
 0.163574  12.2397  2.3 
 0.163582  12.2488  2.3 
 0.163594  12.2563  2.3 
 0.163609  12.2614  2.3 
 0.163627  12.2633  2.3 
 0.163646  12.2614  2.3 
 0.163665  12.2563  2.3 
 0.163682  12.2488  2.3 
 0.163693  12.2397  2.3 
 0.163697  12.2297  2.3 
 0.163693  12.2196  2.3 
 0.163682  12.2103  2.3 
 0.163665  12.2026  2.3 
 0.163646  12.1974  2.3 
 0.163627  12.1954  2.3 

 0.203403  9.6372  2.3 
 0.203397  9.63737  2.3 
 0.203393  9.63793  2.3 
 0.203389  9.63891  2.3 
 0.203387  9.64037  2.3 
 0.203386  9.64234  2.3 
 0.203387  9.6448  2.3 
 0.203389  9.64742  2.3 
 0.203393  9.64979  2.3 
 0.203397  9.65151  2.3 
 0.203403  9.65218  2.3 
 0.203409  9.65151  2.3 
 0.203415  9.64979  2.3 
 0.20342  9.64742  2.3 
 0.203424  9.6448  2.3 
 0.203425  9.64234  2.3 
 0.203424  9.64037  2.3 
 0.20342  9.63891  2.3 
 0.203415  9.63793  2.3 
 0.203409  9.63737  2.3 
 0.203403  9.6372  2.3 

 0.24318  8.15537  2.3 
 0.243175  8.15562  2.3 
 0.243169  8.15628  2.3 
 0.243165  8.15721  2.3 
 0.243162  8.15826  2.3 
 0.243161  8.15928  2.3 
 0.243162  8.16016  2.3 
 0.243165  8.16085  2.3 
 0.243169  8.16136  2.3 
 0.243175  8.16167  2.3 
 0.24318  8.16177  2.3 
 0.243186  8.16167  2.3 
 0.243191  8.16136  2.3 
 0.243196  8.16085  2.3 
 0.243199  8.16016  2.3 
 0.2432  8.15928  2.3 
 0.243199  8.15826  2.3 
 0.243196  8.15721  2.3 
 0.243191  8.15628  2.3 
 0.243186  8.15562  2.3 
 0.24318  8.15537  2.3 

-0.0109143  5.126  2.3 
-0.0112391  5.052  2.3 
-0.0115748  4.978  2.3 
-0.0119219  4.904  2.3 
-0.0122809  4.83  2.3 
-0.0126521  4.756  2.3 
-0.0130363  4.682  2.3 
-0.013434  4.608  2.3 
-0.0138459  4.534  2.3 
-0.0142726  4.46  2.3 
-0.0147147  4.386  2.3 
-0.015173  4.312  2.3 
-0.0156483  4.238  2.3 
-0.0161414  4.164  2.3 
-0.016653  4.09  2.3 
-0.0171841  4.016  2.3 
-0.0177356  3.942  2.3 
-0.0183084  3.868  2.3 
-0.0189037  3.794  2.3 
-0.0195223  3.72  2.3 
-0.0201654  3.646  2.3 
-0.0208342  3.572  2.3 
-0.0215299  3.498  2.3 
-0.0222538  3.424  2.3 
-0.023007  3.35  2.3 
-0.023791  3.276  2.3 
-0.0246071  3.202  2.3 
-0.0254567  3.128  2.3 
-0.0263412  3.054  2.3 
-0.027262  2.98  2.3 
-0.0282161  2.90624  2.3 
-0.0291831  2.83389  2.3 
-0.0301382  2.76439  2.3 
-0.0310565  2.69915  2.3 
-0.0319131  2.63959  2.3 
-0.0326882  2.58667  2.3 
-0.0333821  2.53956  2.3 
-0.0339999  2.49694  2.3 
-0.0345467  2.45753  2.3 
-0.0350279  2.42001  2.3 
-0.0354554  2.38279  2.3 
-0.0358684  2.34302  2.3 
-0.0363131  2.29758  2.3 
-0.0368355  2.24331  2.3 
-0.0374817  2.17709  2.3 
-0.0382996  2.09531  2.3 
-0.0393446  1.99257  2.3 
-0.0406738  1.86301  2.3 
-0.0423446  1.70078  2.3 
-0.044414  1.50001  2.3 

 0.000427495  12.378  2.3 
 0.000389582  12.304  2.3 
 0.000351099  12.23  2.3 
 0.00031203  12.156  2.3 
 0.000272374  12.082  2.3 
 0.000232129  12.008  2.3 
 0.000191298  11.934  2.3 
 0.000149881  11.86  2.3 
 0.000107877  11.786  2.3 
 6.52699e-05  11.712  2.3 
 2.20422e-05  11.638  2.3 
-2.18242e-05  11.564  2.3 
-6.63471e-05  11.49  2.3 
-0.000111545  11.416  2.3 
-0.000157436  11.342  2.3 
-0.000204041  11.268  2.3 
-0.000251378  11.194  2.3 
-0.000299466  11.12  2.3 
-0.000348323  11.046  2.3 
-0.000397966  10.972  2.3 
-0.000448409  10.898  2.3 
-0.000499666  10.824  2.3 
-0.000551752  10.75  2.3 
-0.000604682  10.676  2.3 
-0.000658479  10.602  2.3 
-0.000713165  10.528  2.3 
-0.000768764  10.454  2.3 
-0.000825298  10.38  2.3 
-0.000882791  10.306  2.3 
-0.000941267  10.232  2.3 
-0.00100075  10.158  2.3 
-0.00106126  10.084  2.3 
-0.00112283  10.01  2.3 
-0.00118547  9.936  2.3 
-0.00124922  9.862  2.3 
-0.00131411  9.788  2.3 
-0.00138016  9.714  2.3 
-0.00144739  9.64  2.3 
-0.00151591  9.566  2.3 
-0.00158603  9.492  2.3 
-0.00165815  9.418  2.3 
-0.00173266  9.344  2.3 
-0.00180995  9.27  2.3 
-0.00189025  9.196  2.3 
-0.00197311  9.122  2.3 
-0.00205792  9.048  2.3 
-0.00214407  8.974  2.3 
-0.00223094  8.9  2.3 
-0.00231809  8.826  2.3 
-0.0024057  8.752  2.3 
-0.00249411  8.678  2.3 
-0.00258366  8.604  2.3 
-0.0026747  8.53  2.3 
-0.00276752  8.456  2.3 
-0.00286223  8.382  2.3 
-0.00295891  8.308  2.3 
-0.0030576  8.234  2.3 
-0.00315838  8.16  2.3 
-0.00326147  8.086  2.3 
-0.00336772  8.012  2.3 
-0.00347812  7.938  2.3 
-0.0035937  7.864  2.3 
-0.00371544  7.79  2.3 
-0.00384393  7.716  2.3 
-0.00397801  7.642  2.3 
-0.00411608  7.568  2.3 
-0.00425655  7.494  2.3 
-0.00439783  7.42  2.3 
-0.00453874  7.346  2.3 
-0.00467974  7.272  2.3 
-0.00482171  7.198  2.3 
-0.00496553  7.124  2.3 
-0.00511208  7.05  2.3 
-0.00526221  6.976  2.3 
-0.00541675  6.902  2.3 
-0.00557649  6.828  2.3 
-0.00574223  6.754  2.3 
-0.00591478  6.68  2.3 
-0.00609467  6.606  2.3 
-0.00628128  6.532  2.3 
-0.00647372  6.458  2.3 
-0.00667113  6.384  2.3 
-0.00687261  6.31  2.3 
-0.00707754  6.236  2.3 
-0.00728633  6.162  2.3 
-0.00749968  6.088  2.3 
-0.00771825  6.014  2.3 
-0.00794272  5.94  2.3 
-0.00817372  5.866  2.3 
-0.00841161  5.792  2.3 
-0.00865667  5.718  2.3 
-0.00890922  5.644  2.3 
-0.00916954  5.57  2.3 
-0.00943795  5.496  2.3 
-0.00971481  5.422  2.3 
-0.0100005  5.348  2.3 
-0.0102954  5.274  2.3 
-0.0105998  5.2  2.3 
-0.0109143  5.126  2.3 

 0.00270025  20  2.3 
 0.00266324  19.799  2.3 
 0.00263277  19.6349  2.3 
 0.00260753  19.5005  2.3 
 0.00258621  19.3883  2.3 
 0.0025675  19.2908  2.3 
 0.00255026  19.2018  2.3 
 0.00253404  19.1187  2.3 
 0.00251856  19.04  2.3 
 0.00250353  18.9642  2.3 
 0.00248866  18.89  2.3 
 0.00247373  18.816  2.3 
 0.00245868  18.742  2.3 
 0.00244352  18.668  2.3 
 0.00242823  18.594  2.3 
 0.00241282  18.52  2.3 
 0.00239729  18.446  2.3 
 0.00238164  18.372  2.3 
 0.00236586  18.298  2.3 
 0.00234995  18.224  2.3 
 0.00233392  18.15  2.3 
 0.00231775  18.076  2.3 
 0.00230146  18.002  2.3 
 0.00228502  17.928  2.3 
 0.00226845  17.854  2.3 
 0.00225174  17.78  2.3 
 0.00223487  17.706  2.3 
 0.00221786  17.632  2.3 
 0.0022007  17.558  2.3 
 0.00218339  17.484  2.3 
 0.00216593  17.41  2.3 
 0.00214831  17.336  2.3 
 0.00213054  17.262  2.3 
 0.00211261  17.188  2.3 
 0.00209451  17.114  2.3 
 0.00207626  17.04  2.3 
 0.00205783  16.966  2.3 
 0.00203924  16.892  2.3 
 0.00202047  16.818  2.3 
 0.00200152  16.744  2.3 
 0.00198239  16.67  2.3 
 0.00196308  16.596  2.3 
 0.00194358  16.522  2.3 
 0.0019239  16.448  2.3 
 0.00190403  16.374  2.3 
 0.00188397  16.3  2.3 
 0.00186372  16.226  2.3 
 0.00184328  16.152  2.3 
 0.00182263  16.078  2.3 
 0.00180178  16.004  2.3 
 0.00178071  15.93  2.3 
 0.00175942  15.856  2.3 
 0.00173791  15.782  2.3 
 0.00171618  15.708  2.3 
 0.00169421  15.634  2.3 
 0.00167201  15.56  2.3 
 0.00164958  15.486  2.3 
 0.00162691  15.412  2.3 
 0.00160399  15.338  2.3 
 0.00158084  15.264  2.3 
 0.00155743  15.19  2.3 
 0.00153376  15.116  2.3 
 0.00150984  15.042  2.3 
 0.00148566  14.968  2.3 
 0.00146121  14.894  2.3 
 0.00143648  14.82  2.3 
 0.00141148  14.746  2.3 
 0.00138619  14.672  2.3 
 0.00136061  14.598  2.3 
 0.00133473  14.524  2.3 
 0.00130856  14.45  2.3 
 0.00128208  14.376  2.3 
 0.00125529  14.302  2.3 
 0.00122819  14.228  2.3 
 0.00120075  14.154  2.3 
 0.00117299  14.08  2.3 
 0.00114489  14.006  2.3 
 0.00111645  13.932  2.3 
 0.00108767  13.858  2.3 
 0.00105853  13.784  2.3 
 0.00102903  13.71  2.3 
 0.000999166  13.636  2.3 
 0.000968931  13.562  2.3 
 0.000938313  13.488  2.3 
 0.000907302  13.414  2.3 
 0.000875887  13.34  2.3 
 0.000844059  13.266  2.3 
 0.000811812  13.192  2.3 
 0.000779141  13.118  2.3 
 0.00074604  13.044  2.3 
 0.000712504  12.97  2.3 
 0.000678527  12.896  2.3 
 0.0006441  12.822  2.3 
 0.000609213  12.748  2.3 
 0.000573856  12.674  2.3 
 0.000538021  12.6  2.3 
 0.000501694  12.526  2.3 
 0.000464859  12.452  2.3 
 0.000427495  12.378  2.3 

 0.00580892  15.634  2.3 
 0.00579667  15.708  2.3 
 0.00578463  15.782  2.3 
 0.00577279  15.856  2.3 
 0.00576113  15.93  2.3 
 0.00574968  16.004  2.3 
 0.0057384  16.078  2.3 
 0.00572731  16.152  2.3 
 0.0057164  16.226  2.3 
 0.00570565  16.3  2.3 
 0.00569508  16.374  2.3 
 0.00568467  16.448  2.3 
 0.00567443  16.522  2.3 
 0.00566435  16.596  2.3 
 0.00565443  16.67  2.3 
 0.00564467  16.744  2.3 
 0.00563506  16.818  2.3 
 0.00562561  16.892  2.3 
 0.0056163  16.966  2.3 
 0.00560714  17.04  2.3 
 0.00559812  17.114  2.3 
 0.00558924  17.188  2.3 
 0.0055805  17.262  2.3 
 0.00557189  17.336  2.3 
 0.00556342  17.41  2.3 
 0.00555508  17.484  2.3 
 0.00554686  17.558  2.3 
 0.00553877  17.632  2.3 
 0.00553081  17.706  2.3 
 0.00552297  17.78  2.3 
 0.00551525  17.854  2.3 
 0.00550765  17.928  2.3 
 0.00550017  18.002  2.3 
 0.0054928  18.076  2.3 
 0.00548554  18.15  2.3 
 0.0054784  18.224  2.3 
 0.00547136  18.298  2.3 
 0.00546442  18.372  2.3 
 0.00545759  18.446  2.3 
 0.00545086  18.52  2.3 
 0.00544424  18.594  2.3 
 0.00543771  18.668  2.3 
 0.00543128  18.742  2.3 
 0.00542495  18.816  2.3 
 0.00541871  18.89  2.3 
 0.00541256  18.9642  2.3 
 0.0054064  19.04  2.3 
 0.00540014  19.1187  2.3 
 0.00539369  19.2018  2.3 
 0.00538694  19.2908  2.3 
 0.00537973  19.3883  2.3 
 0.00537161  19.5005  2.3 
 0.00536205  19.6349  2.3 
 0.00535053  19.799  2.3 
 0.00533653  20  2.3 

 0.00943423  8.382  2.3 
 0.00933731  8.456  2.3 
 0.00924271  8.53  2.3 
 0.00915097  8.604  2.3 
 0.00906206  8.678  2.3 
 0.00897582  8.752  2.3 
 0.00889206  8.826  2.3 
 0.00881062  8.9  2.3 
 0.00873133  8.974  2.3 
 0.00865411  9.048  2.3 
 0.00857892  9.122  2.3 
 0.00850568  9.196  2.3 
 0.00843434  9.27  2.3 
 0.00836484  9.344  2.3 
 0.00829715  9.418  2.3 
 0.0082312  9.492  2.3 
 0.00816696  9.566  2.3 
 0.00810438  9.64  2.3 
 0.00804342  9.714  2.3 
 0.00798406  9.788  2.3 
 0.00792627  9.862  2.3 
 0.00787003  9.936  2.3 
 0.00781533  10.01  2.3 
 0.00776213  10.084  2.3 
 0.00771035  10.158  2.3 
 0.00765989  10.232  2.3 
 0.00761065  10.306  2.3 
 0.00756255  10.38  2.3 
 0.00751549  10.454  2.3 
 0.00746944  10.528  2.3 
 0.00742438  10.602  2.3 
 0.00738028  10.676  2.3 
 0.00733712  10.75  2.3 
 0.00729487  10.824  2.3 
 0.00725354  10.898  2.3 
 0.00721309  10.972  2.3 
 0.00717353  11.046  2.3 
 0.00713485  11.12  2.3 
 0.00709702  11.194  2.3 
 0.00706004  11.268  2.3 
 0.00702386  11.342  2.3 
 0.00698847  11.416  2.3 
 0.00695385  11.49  2.3 
 0.00691996  11.564  2.3 
 0.0068868  11.638  2.3 
 0.00685433  11.712  2.3 
 0.00682254  11.786  2.3 
 0.00679141  11.86  2.3 
 0.00676093  11.934  2.3 
 0.00673107  12.008  2.3 
 0.00670183  12.082  2.3 
 0.00667318  12.156  2.3 
 0.00664511  12.23  2.3 
 0.00661762  12.304  2.3 
 0.00659074  12.378  2.3 
 0.00656448  12.452  2.3 
 0.0065389  12.526  2.3 
 0.00651402  12.6  2.3 
 0.00648988  12.674  2.3 
 0.00646657  12.748  2.3 
 0.00644418  12.822  2.3 
 0.00642279  12.896  2.3 
 0.0064025  12.97  2.3 
 0.00638332  13.044  2.3 
 0.00636494  13.118  2.3 
 0.00634699  13.192  2.3 
 0.00632908  13.266  2.3 
 0.00631083  13.34  2.3 
 0.00629196  13.414  2.3 
 0.00627258  13.488  2.3 
 0.00625291  13.562  2.3 
 0.00623318  13.636  2.3 
 0.00621359  13.71  2.3 
 0.00619432  13.784  2.3 
 0.0061754  13.858  2.3 
 0.00615683  13.932  2.3 
 0.0061386  14.006  2.3 
 0.00612069  14.08  2.3 
 0.0061031  14.154  2.3 
 0.00608582  14.228  2.3 
 0.00606885  14.302  2.3 
 0.00605218  14.376  2.3 
 0.00603581  14.45  2.3 
 0.00601972  14.524  2.3 
 0.00600391  14.598  2.3 
 0.00598838  14.672  2.3 
 0.00597312  14.746  2.3 
 0.00595812  14.82  2.3 
 0.00594338  14.894  2.3 
 0.00592888  14.968  2.3 
 0.00591463  15.042  2.3 
 0.00590062  15.116  2.3 
 0.00588685  15.19  2.3 
 0.00587331  15.264  2.3 
 0.00585999  15.338  2.3 
 0.0058469  15.412  2.3 
 0.00583403  15.486  2.3 
 0.00582137  15.56  2.3 
 0.00580892  15.634  2.3 

 0.0862883  1.5  2.3 
 0.0845024  1.5499  2.3 
 0.0819925  1.61513  2.3 
 0.079019  1.69102  2.3 
 0.0758425  1.7729  2.3 
 0.0727235  1.85612  2.3 
 0.0698735  1.93689  2.3 
 0.0673081  2.015  2.3 
 0.0649936  2.09111  2.3 
 0.0628967  2.16589  2.3 
 0.0609838  2.24  2.3 
 0.0592251  2.314  2.3 
 0.0576055  2.388  2.3 
 0.0561138  2.462  2.3 
 0.0547384  2.536  2.3 
 0.0534682  2.61  2.3 
 0.0522925  2.684  2.3 
 0.0512035  2.758  2.3 
 0.0501942  2.832  2.3 
 0.0492574  2.906  2.3 
 0.0483862  2.98  2.3 
 0.0475768  3.05357  2.3 
 0.0468389  3.12454  2.3 
 0.0461854  3.19032  2.3 
 0.0456293  3.24833  2.3 
 0.0451835  3.29595  2.3 
 0.0448445  3.33183  2.3 
 0.0445422  3.35957  2.3 
 0.0441902  3.38398  2.3 
 0.0437018  3.40989  2.3 
 0.0429904  3.44213  2.3 
 0.0419965  3.48439  2.3 
 0.0407679  3.53593  2.3 
 0.0393795  3.59489  2.3 
 0.0379063  3.65941  2.3 
 0.0364231  3.72761  2.3 
 0.0349925  3.7979  2.3 
 0.0336287  3.86964  2.3 
 0.0323334  3.94249  2.3 
 0.0311086  4.01606  2.3 
 0.029956  4.09  2.3 
 0.0288763  4.164  2.3 
 0.0278649  4.238  2.3 
 0.0269158  4.312  2.3 
 0.0260234  4.386  2.3 
 0.0251816  4.46  2.3 
 0.0243852  4.534  2.3 
 0.0236314  4.608  2.3 
 0.0229178  4.682  2.3 
 0.0222422  4.756  2.3 
 0.0216022  4.83  2.3 
 0.0209956  4.904  2.3 
 0.0204205  4.978  2.3 
 0.0198748  5.052  2.3 
 0.0193567  5.126  2.3 
 0.0188642  5.2  2.3 
 0.0183954  5.274  2.3 
 0.017949  5.348  2.3 
 0.0175237  5.422  2.3 
 0.0171183  5.496  2.3 
 0.0167313  5.57  2.3 
 0.0163618  5.644  2.3 
 0.0160091  5.718  2.3 
 0.0156732  5.792  2.3 
 0.0153536  5.866  2.3 
 0.0150501  5.94  2.3 
 0.0147621  6.014  2.3 
 0.014488  6.088  2.3 
 0.0142258  6.162  2.3 
 0.0139735  6.236  2.3 
 0.0137292  6.31  2.3 
 0.0134913  6.384  2.3 
 0.0132598  6.458  2.3 
 0.013035  6.532  2.3 
 0.0128174  6.606  2.3 
 0.0126072  6.68  2.3 
 0.0124047  6.754  2.3 
 0.0122099  6.828  2.3 
 0.0120229  6.902  2.3 
 0.0118435  6.976  2.3 
 0.0116716  7.05  2.3 
 0.0115072  7.124  2.3 
 0.0113494  7.198  2.3 
 0.0111974  7.272  2.3 
 0.0110502  7.346  2.3 
 0.010907  7.42  2.3 
 0.0107672  7.494  2.3 
 0.0106312  7.568  2.3 
 0.0104999  7.642  2.3 
 0.0103741  7.716  2.3 
 0.0102546  7.79  2.3 
 0.0101419  7.864  2.3 
 0.0100348  7.938  2.3 
 0.00993175  8.012  2.3 
 0.00983125  8.086  2.3 
 0.00973178  8.16  2.3 
 0.00963217  8.234  2.3 
 0.00953275  8.308  2.3 
 0.00943423  8.382  2.3 

