mh mH cba tb Z4 Z5 Z7 chisq tot_hbobs stb uni per mA Gamma_h Gamma_A mHc l6 l7 m12_2 S T U V W X  chisqdiff
125.000000 400.000000 -0.104000 1.500000 -0.025758 -0.025758 0.000000 83.433241 4.481510e-01 1 1 1 400.000000 5.203500e-03 6.825594e+00 4.000000e+02 -2.775558e-17 6.245005e-17 6.485453e+04 5.195724e-04 -1.230775e-03 -6.575558e-05 -1.800311e-04 -1.903419e-04 -3.704421e-05 7.65916
125.000000 400.000000 -0.104000 1.870000 -0.025758 -0.025758 0.000000 84.623498 4.370671e-01 0 1 1 400.000000 5.477226e-03 4.455251e+00 4.000000e+02 1.387779e-17 3.469447e-17 6.123451e+04 5.195724e-04 -1.230775e-03 -6.575558e-05 -1.800311e-04 -1.903419e-04 -3.704421e-05 8.84941
125.000000 400.000000 -0.104000 2.240000 -0.025758 -0.025758 0.000000 86.249687 4.230715e-01 0 1 1 400.000000 5.755740e-03 3.165395e+00 4.000000e+02 1.387779e-17 -8.326673e-17 5.587801e+04 5.195724e-04 -1.230775e-03 -6.575558e-05 -1.800311e-04 -1.903419e-04 -3.704421e-05 10.4756
125.000000 400.000000 -0.078000 1.500000 -0.014489 -0.014489 0.000000 80.403784 4.893283e-01 1 1 1 400.000000 4.983970e-03 6.767026e+00 4.000000e+02 0.000000e+00 4.163336e-17 6.722275e+04 2.158501e-04 -6.923111e-04 -5.134356e-05 -2.120616e-04 -2.092940e-04 -3.704421e-05 4.6297
125.000000 400.000000 -0.078000 1.870000 -0.014489 -0.014489 0.000000 81.153712 4.798101e-01 1 1 1 400.000000 5.182466e-03 4.396683e+00 4.000000e+02 0.000000e+00 1.734723e-17 6.267298e+04 2.158501e-04 -6.923111e-04 -5.134356e-05 -2.120616e-04 -2.092940e-04 -3.704421e-05 5.37963
125.000000 400.000000 -0.078000 2.240000 -0.014489 -0.014489 0.000000 82.181852 4.678428e-01 0 1 1 400.000000 5.382855e-03 3.106827e+00 4.000000e+02 0.000000e+00 -6.938894e-17 5.690160e+04 2.158501e-04 -6.923111e-04 -5.134356e-05 -2.120616e-04 -2.092940e-04 -3.704421e-05 6.40777
125.000000 400.000000 -0.078000 2.610000 -0.014489 -0.014489 0.000000 83.452173 4.547972e-01 0 1 1 400.000000 5.586384e-03 2.332203e+00 4.000000e+02 -6.938894e-18 8.326673e-17 5.147769e+04 2.158501e-04 -6.923111e-04 -5.134356e-05 -2.120616e-04 -2.092940e-04 -3.704421e-05 7.67809
125.000000 400.000000 -0.078000 2.980000 -0.014489 -0.014489 0.000000 84.818294 4.413501e-01 0 1 1 400.000000 5.793685e-03 1.834671e+00 4.000000e+02 6.938894e-18 -5.551115e-17 4.671176e+04 2.158501e-04 -6.923111e-04 -5.134356e-05 -2.120616e-04 -2.092940e-04 -3.704421e-05 9.04421
125.000000 400.000000 -0.078000 3.350000 -0.014489 -0.014489 0.000000 86.317772 4.278646e-01 0 1 1 400.000000 6.005113e-03 1.499772e+00 4.000000e+02 0.000000e+00 1.387779e-17 4.260440e+04 2.158501e-04 -6.923111e-04 -5.134356e-05 -2.120616e-04 -2.092940e-04 -3.704421e-05 10.5437
125.000000 400.000000 -0.052000 1.500000 -0.006439 -0.006439 0.000000 78.149277 5.331748e-01 1 1 1 400.000000 4.766470e-03 6.725192e+00 4.000000e+02 -1.387779e-17 4.857226e-17 6.951360e+04 -1.094480e-06 -3.076938e-04 -4.104927e-05 -2.349406e-04 -2.228311e-04 -3.704421e-05 2.37519
125.000000 400.000000 -0.052000 1.870000 -0.006439 -0.006439 0.000000 78.515001 5.259456e-01 1 1 1 400.000000 4.894187e-03 4.354848e+00 4.000000e+02 6.938894e-18 2.602085e-17 6.403744e+04 -1.094480e-06 -3.076938e-04 -4.104927e-05 -2.349406e-04 -2.228311e-04 -3.704421e-05 2.74092
125.000000 400.000000 -0.052000 2.240000 -0.006439 -0.006439 0.000000 79.024197 5.168790e-01 1 1 1 400.000000 5.022037e-03 3.064992e+00 4.000000e+02 6.938894e-18 -4.857226e-17 5.785730e+04 -1.094480e-06 -3.076938e-04 -4.104927e-05 -2.349406e-04 -2.228311e-04 -3.704421e-05 3.25011
125.000000 400.000000 -0.052000 2.610000 -0.006439 -0.006439 0.000000 79.639371 5.069228e-01 0 1 1 400.000000 5.150876e-03 2.290369e+00 4.000000e+02 -6.938894e-18 4.857226e-17 5.220028e+04 -1.094480e-06 -3.076938e-04 -4.104927e-05 -2.349406e-04 -2.228311e-04 -3.704421e-05 3.86529
125.000000 400.000000 -0.052000 2.980000 -0.006439 -0.006439 0.000000 80.342830 4.965507e-01 0 1 1 400.000000 5.281137e-03 1.792836e+00 4.000000e+02 0.000000e+00 -2.775558e-17 4.728431e+04 -1.094480e-06 -3.076938e-04 -4.104927e-05 -2.349406e-04 -2.228311e-04 -3.704421e-05 4.56875
125.000000 400.000000 -0.052000 3.350000 -0.006439 -0.006439 0.000000 81.123842 4.860226e-01 0 1 1 400.000000 5.413062e-03 1.457938e+00 4.000000e+02 6.938894e-18 0.000000e+00 4.307314e+04 -1.094480e-06 -3.076938e-04 -4.104927e-05 -2.349406e-04 -2.228311e-04 -3.704421e-05 5.34976
125.000000 400.000000 -0.052000 3.720000 -0.006439 -0.006439 0.000000 81.974690 4.754906e-01 0 1 1 400.000000 5.546798e-03 1.225116e+00 4.000000e+02 -3.469447e-18 0.000000e+00 3.946965e+04 -1.094480e-06 -3.076938e-04 -4.104927e-05 -2.349406e-04 -2.228311e-04 -3.704421e-05 6.20061
125.000000 400.000000 -0.052000 4.090000 -0.006439 -0.006439 0.000000 82.888666 4.650474e-01 0 1 1 400.000000 5.682440e-03 1.059894e+00 4.000000e+02 -1.387779e-17 1.387779e-17 3.637329e+04 -1.094480e-06 -3.076938e-04 -4.104927e-05 -2.349406e-04 -2.228311e-04 -3.704421e-05 7.11458
125.000000 400.000000 -0.052000 4.460000 -0.006439 -0.006439 0.000000 83.901229 4.547516e-01 0 1 1 400.000000 5.820049e-03 9.414690e-01 4.000000e+02 -6.938894e-18 8.326673e-17 3.369606e+04 -1.094480e-06 -3.076938e-04 -4.104927e-05 -2.349406e-04 -2.228311e-04 -3.704421e-05 8.12714
125.000000 400.000000 -0.052000 4.830000 -0.006439 -0.006439 0.000000 84.911991 4.446401e-01 0 1 1 400.000000 5.959669e-03 8.566884e-01 4.000000e+02 1.734723e-18 -2.775558e-17 3.136522e+04 -1.094480e-06 -3.076938e-04 -4.104927e-05 -2.349406e-04 -2.228311e-04 -3.704421e-05 9.13791
125.000000 400.000000 -0.052000 5.200000 -0.006439 -0.006439 0.000000 85.972179 4.347364e-01 0 1 1 400.000000 6.101332e-03 7.969044e-01 4.000000e+02 8.673617e-18 -8.326673e-17 2.932185e+04 -1.094480e-06 -3.076938e-04 -4.104927e-05 -2.349406e-04 -2.228311e-04 -3.704421e-05 10.1981
125.000000 400.000000 -0.052000 5.570000 -0.006439 -0.006439 0.000000 87.076964 4.250551e-01 0 1 1 400.000000 6.245061e-03 7.562422e-01 4.000000e+02 -6.938894e-18 -6.938894e-17 2.751854e+04 -1.094480e-06 -3.076938e-04 -4.104927e-05 -2.349406e-04 -2.228311e-04 -3.704421e-05 11.3029
125.000000 400.000000 -0.026000 1.500000 -0.001610 -0.001610 0.000000 76.599983 7.684747e-01 1 1 1 400.000000 4.551430e-03 6.700091e+00 4.000000e+02 -6.938894e-18 2.081668e-17 7.172281e+04 -1.312612e-04 -7.692346e-05 -3.487269e-05 -2.486679e-04 -2.309534e-04 -3.704421e-05 0.825899
125.000000 400.000000 -0.026000 1.870000 -0.001610 -0.001610 0.000000 76.708363 7.735442e-01 1 1 1 400.000000 4.612941e-03 4.329748e+00 4.000000e+02 3.469447e-18 9.540979e-18 6.532548e+04 -1.312612e-04 -7.692346e-05 -3.487269e-05 -2.486679e-04 -2.309534e-04 -3.704421e-05 0.934279
125.000000 400.000000 -0.026000 2.240000 -0.001610 -0.001610 0.000000 76.859546 7.771486e-01 1 1 1 400.000000 4.673955e-03 3.039892e+00 4.000000e+02 6.938894e-18 -2.428613e-17 5.874350e+04 -1.312612e-04 -7.692346e-05 -3.487269e-05 -2.486679e-04 -2.309534e-04 -3.704421e-05 1.08546
125.000000 400.000000 -0.026000 2.610000 -0.001610 -0.001610 0.000000 77.044285 5.648940e-01 1 1 1 400.000000 4.734912e-03 2.265268e+00 4.000000e+02 -3.469447e-18 2.775558e-17 5.285994e+04 -1.312612e-04 -7.692346e-05 -3.487269e-05 -2.486679e-04 -2.309534e-04 -3.704421e-05 1.2702
125.000000 400.000000 -0.026000 2.980000 -0.001610 -0.001610 0.000000 77.257186 5.589072e-01 1 1 1 400.000000 4.796034e-03 1.767736e+00 4.000000e+02 -3.469447e-18 -2.081668e-17 4.779973e+04 -1.312612e-04 -7.692346e-05 -3.487269e-05 -2.486679e-04 -2.309534e-04 -3.704421e-05 1.4831
125.000000 400.000000 -0.026000 3.350000 -0.001610 -0.001610 0.000000 77.524529 5.527537e-01 1 1 1 400.000000 4.857445e-03 1.432837e+00 4.000000e+02 0.000000e+00 6.938894e-18 4.348975e+04 -1.312612e-04 -7.692346e-05 -3.487269e-05 -2.486679e-04 -2.309534e-04 -3.704421e-05 1.75044
125.000000 400.000000 -0.026000 3.720000 -0.001610 -0.001610 0.000000 77.780539 5.465150e-01 1 1 1 400.000000 4.919219e-03 1.200016e+00 4.000000e+02 -5.204170e-18 6.938894e-18 3.981509e+04 -1.312612e-04 -7.692346e-05 -3.487269e-05 -2.486679e-04 -2.309534e-04 -3.704421e-05 2.00646
125.000000 400.000000 -0.026000 4.090000 -0.001610 -0.001610 0.000000 78.058789 5.402429e-01 1 1 1 400.000000 4.981405e-03 1.034793e+00 4.000000e+02 -1.734723e-18 -6.938894e-18 3.666551e+04 -1.312612e-04 -7.692346e-05 -3.487269e-05 -2.486679e-04 -2.309534e-04 -3.704421e-05 2.28471
125.000000 400.000000 -0.026000 4.460000 -0.001610 -0.001610 0.000000 78.358215 5.339711e-01 0 1 1 400.000000 5.044033e-03 9.163684e-01 4.000000e+02 -6.938894e-18 4.163336e-17 3.394731e+04 -1.312612e-04 -7.692346e-05 -3.487269e-05 -2.486679e-04 -2.309534e-04 -3.704421e-05 2.58413
125.000000 400.000000 -0.026000 4.830000 -0.001610 -0.001610 0.000000 78.677911 5.277227e-01 0 1 1 400.000000 5.107126e-03 8.315878e-01 4.000000e+02 1.734723e-18 -1.387779e-17 3.158417e+04 -1.312612e-04 -7.692346e-05 -3.487269e-05 -2.486679e-04 -2.309534e-04 -3.704421e-05 2.90383
125.000000 400.000000 -0.026000 5.200000 -0.001610 -0.001610 0.000000 79.017062 5.215138e-01 0 1 1 400.000000 5.170701e-03 7.718037e-01 4.000000e+02 5.204170e-18 -5.551115e-17 2.951483e+04 -1.312612e-04 -7.692346e-05 -3.487269e-05 -2.486679e-04 -2.309534e-04 -3.704421e-05 3.24298
125.000000 400.000000 -0.026000 5.570000 -0.001610 -0.001610 0.000000 79.374921 5.153556e-01 0 1 1 400.000000 5.234768e-03 7.311416e-01 4.000000e+02 -2.602085e-18 -2.775558e-17 2.769029e+04 -1.312612e-04 -7.692346e-05 -3.487269e-05 -2.486679e-04 -2.309534e-04 -3.704421e-05 3.60084
125.000000 400.000000 -0.026000 5.940000 -0.001610 -0.001610 0.000000 79.750780 5.092563e-01 0 1 1 400.000000 5.299337e-03 7.054972e-01 4.000000e+02 3.469447e-18 -2.775558e-17 2.607124e+04 -1.312612e-04 -7.692346e-05 -3.487269e-05 -2.486679e-04 -2.309534e-04 -3.704421e-05 3.9767
125.000000 400.000000 -0.026000 6.310000 -0.001610 -0.001610 0.000000 80.143962 5.032218e-01 0 1 1 400.000000 5.364414e-03 6.919333e-01 4.000000e+02 -3.469447e-18 6.938894e-18 2.462594e+04 -1.312612e-04 -7.692346e-05 -3.487269e-05 -2.486679e-04 -2.309534e-04 -3.704421e-05 4.36988
125.000000 400.000000 -0.026000 6.680000 -0.001610 -0.001610 0.000000 80.554149 4.972562e-01 0 1 1 400.000000 5.430005e-03 6.883027e-01 4.000000e+02 1.734723e-18 2.775558e-17 2.332866e+04 -1.312612e-04 -7.692346e-05 -3.487269e-05 -2.486679e-04 -2.309534e-04 -3.704421e-05 4.78006
125.000000 400.000000 -0.026000 7.050000 -0.001610 -0.001610 0.000000 80.980450 4.913625e-01 0 1 1 400.000000 5.496113e-03 6.930066e-01 4.000000e+02 -1.301043e-18 -2.775558e-17 2.215832e+04 -1.312612e-04 -7.692346e-05 -3.487269e-05 -2.486679e-04 -2.309534e-04 -3.704421e-05 5.20637
125.000000 400.000000 -0.026000 7.420000 -0.001610 -0.001610 0.000000 81.422320 4.855429e-01 0 1 1 400.000000 5.562743e-03 7.048343e-01 4.000000e+02 -4.770490e-18 3.469447e-17 2.109757e+04 -1.312612e-04 -7.692346e-05 -3.487269e-05 -2.486679e-04 -2.309534e-04 -3.704421e-05 5.64824
125.000000 400.000000 -0.026000 7.790000 -0.001610 -0.001610 0.000000 81.879144 4.797988e-01 0 1 1 400.000000 5.629895e-03 7.228560e-01 4.000000e+02 -8.673617e-19 1.387779e-17 2.013200e+04 -1.312612e-04 -7.692346e-05 -3.487269e-05 -2.486679e-04 -2.309534e-04 -3.704421e-05 6.10506
125.000000 400.000000 -0.026000 8.160000 -0.001610 -0.001610 0.000000 82.350318 4.741310e-01 0 1 1 400.000000 5.697574e-03 7.463475e-01 4.000000e+02 0.000000e+00 4.857226e-17 1.924957e+04 -1.312612e-04 -7.692346e-05 -3.487269e-05 -2.486679e-04 -2.309534e-04 -3.704421e-05 6.57623
125.000000 400.000000 -0.026000 8.530000 -0.001610 -0.001610 0.000000 82.835250 4.685401e-01 0 1 1 400.000000 5.765780e-03 7.747383e-01 4.000000e+02 8.673617e-19 3.469447e-17 1.844016e+04 -1.312612e-04 -7.692346e-05 -3.487269e-05 -2.486679e-04 -2.309534e-04 -3.704421e-05 7.06117
125.000000 400.000000 -0.026000 8.900000 -0.001610 -0.001610 0.000000 83.384595 4.630263e-01 0 1 1 400.000000 5.834515e-03 8.075739e-01 4.000000e+02 -9.107298e-18 4.163336e-17 1.769519e+04 -1.312612e-04 -7.692346e-05 -3.487269e-05 -2.486679e-04 -2.309534e-04 -3.704421e-05 7.61051
125.000000 400.000000 -0.026000 9.270000 -0.001610 -0.001610 0.000000 83.887735 4.575894e-01 0 1 1 400.000000 5.903781e-03 8.444887e-01 4.000000e+02 3.035766e-18 3.469447e-17 1.700735e+04 -1.312612e-04 -7.692346e-05 -3.487269e-05 -2.486679e-04 -2.309534e-04 -3.704421e-05 8.11365
125.000000 400.000000 -0.026000 9.640000 -0.001610 -0.001610 0.000000 84.403535 4.522292e-01 0 1 1 400.000000 5.973578e-03 8.851859e-01 4.000000e+02 -4.119968e-18 3.469447e-17 1.637041e+04 -1.312612e-04 -7.692346e-05 -3.487269e-05 -2.486679e-04 -2.309534e-04 -3.704421e-05 8.62945
125.000000 400.000000 -0.026000 10.010000 -0.001610 -0.001610 0.000000 84.931441 4.785047e-01 0 1 1 400.000000 6.043908e-03 9.294225e-01 4.000000e+02 -2.602085e-18 6.938894e-18 1.577896e+04 -1.312612e-04 -7.692346e-05 -3.487269e-05 -2.486679e-04 -2.309534e-04 -3.704421e-05 9.15736
125.000000 400.000000 -0.026000 10.380000 -0.001610 -0.001610 0.000000 85.471111 5.120000e-01 0 1 1 400.000000 6.114770e-03 9.769981e-01 4.000000e+02 -1.517883e-18 2.081668e-17 1.522836e+04 -1.312612e-04 -7.692346e-05 -3.487269e-05 -2.486679e-04 -2.309534e-04 -3.704421e-05 9.69703
125.000000 400.000000 -0.026000 10.750000 -0.001610 -0.001610 0.000000 86.021504 5.475936e-01 0 1 1 400.000000 6.186167e-03 1.027746e+00 4.000000e+02 8.673617e-19 -4.857226e-17 1.471456e+04 -1.312612e-04 -7.692346e-05 -3.487269e-05 -2.486679e-04 -2.309534e-04 -3.704421e-05 10.2474
125.000000 400.000000 -0.026000 11.120000 -0.001610 -0.001610 0.000000 86.582812 5.851429e-01 0 1 1 400.000000 6.258098e-03 1.081527e+00 4.000000e+02 -8.023096e-18 -2.775558e-17 1.423401e+04 -1.312612e-04 -7.692346e-05 -3.487269e-05 -2.486679e-04 -2.309534e-04 -3.704421e-05 10.8087
125.000000 400.000000 -0.026000 11.490000 -0.001610 -0.001610 0.000000 87.153380 6.243902e-01 0 1 1 400.000000 6.330564e-03 1.138223e+00 4.000000e+02 4.987330e-18 -5.551115e-17 1.378361e+04 -1.312612e-04 -7.692346e-05 -3.487269e-05 -2.486679e-04 -2.309534e-04 -3.704421e-05 11.3793
125.000000 400.000000 0.000000 1.500000 -0.000000 0.000000 0.000000 75.814246 7.886687e-01 1 1 1 400.000000 4.339279e-03 6.691724e+00 4.000000e+02 -1.921540e-17 1.921540e-17 7.384615e+04 -1.746501e-04 1.456416e-16 -3.281383e-05 -2.532437e-04 -2.336609e-04 -3.704421e-05 0.040162
125.000000 400.000000 0.000000 1.870000 -0.000000 0.000000 0.000000 75.814246 7.886687e-01 1 1 1 400.000000 4.339279e-03 4.321381e+00 4.000000e+02 1.154193e-17 -1.154193e-17 6.653472e+04 -1.746501e-04 0.000000e+00 -3.281383e-05 -2.532437e-04 -2.336609e-04 -3.704421e-05 0.040162
125.000000 400.000000 0.000000 2.240000 -0.000000 0.000000 0.000000 75.814246 7.886687e-01 1 1 1 400.000000 4.339279e-03 3.031525e+00 4.000000e+02 1.033178e-17 -1.033178e-17 5.955863e+04 -1.746501e-04 3.883777e-16 -3.281383e-05 -2.532437e-04 -2.336609e-04 -3.704421e-05 0.040162
125.000000 400.000000 0.000000 2.610000 -0.000000 0.000000 0.000000 75.814246 7.886687e-01 1 1 1 400.000000 4.339279e-03 2.256901e+00 4.000000e+02 9.273057e-18 -9.273057e-18 5.345554e+04 -1.746501e-04 7.282082e-17 -3.281383e-05 -2.532437e-04 -2.336609e-04 -3.704421e-05 0.040162
125.000000 400.000000 0.000000 2.980000 -0.000000 0.000000 0.000000 75.814246 7.886687e-01 1 1 1 400.000000 4.339279e-03 1.759369e+00 4.000000e+02 -1.674256e-17 1.674256e-17 4.825716e+04 -1.746501e-04 1.456416e-16 -3.281383e-05 -2.532437e-04 -2.336609e-04 -3.704421e-05 0.040162
125.000000 400.000000 0.000000 3.350000 -0.000000 0.000000 0.000000 75.814246 7.886687e-01 1 1 1 400.000000 4.339279e-03 1.424470e+00 4.000000e+02 0.000000e+00 0.000000e+00 4.385355e+04 -1.746501e-04 0.000000e+00 -3.281383e-05 -2.532437e-04 -2.336609e-04 -3.704421e-05 0.040162
125.000000 400.000000 0.000000 3.720000 -0.000000 0.000000 0.000000 75.814246 7.886687e-01 1 1 1 400.000000 4.339279e-03 1.191649e+00 4.000000e+02 -6.958347e-18 6.958347e-18 4.011214e+04 -1.746501e-04 0.000000e+00 -3.281383e-05 -2.532437e-04 -2.336609e-04 -3.704421e-05 0.040162
125.000000 400.000000 0.000000 4.090000 -0.000000 0.000000 0.000000 75.814246 7.886687e-01 1 1 1 400.000000 4.339279e-03 1.026426e+00 4.000000e+02 1.280682e-17 -1.280682e-17 3.691315e+04 -1.746501e-04 4.611985e-16 -3.281383e-05 -2.532437e-04 -2.336609e-04 -3.704421e-05 0.040162
125.000000 400.000000 0.000000 4.460000 -0.000000 0.000000 0.000000 75.814246 7.886687e-01 1 1 1 400.000000 4.339279e-03 9.080015e-01 4.000000e+02 -5.925342e-18 5.925342e-18 3.415727e+04 -1.746501e-04 0.000000e+00 -3.281383e-05 -2.532437e-04 -2.336609e-04 -3.704421e-05 0.040162
125.000000 400.000000 0.000000 4.830000 -0.000000 0.000000 0.000000 75.814246 7.886687e-01 1 1 1 400.000000 4.339279e-03 8.232209e-01 4.000000e+02 -5.510296e-18 5.510296e-18 3.176469e+04 -1.746501e-04 3.883777e-16 -3.281383e-05 -2.532437e-04 -2.336609e-04 -3.704421e-05 0.040162
125.000000 400.000000 0.000000 5.200000 -0.000000 0.000000 0.000000 75.814246 7.886687e-01 1 1 1 400.000000 4.339279e-03 7.634368e-01 4.000000e+02 0.000000e+00 0.000000e+00 2.967190e+04 -1.746501e-04 4.611985e-16 -3.281383e-05 -2.532437e-04 -2.336609e-04 -3.704421e-05 0.040162
125.000000 400.000000 0.000000 5.570000 -0.000000 0.000000 0.000000 75.814246 7.886687e-01 1 1 1 400.000000 4.339279e-03 7.227747e-01 4.000000e+02 4.827449e-18 -4.827449e-18 2.782835e+04 -1.746501e-04 7.282082e-17 -3.281383e-05 -2.532437e-04 -2.336609e-04 -3.704421e-05 0.040162
125.000000 400.000000 0.000000 5.940000 -0.000000 0.000000 0.000000 75.814246 7.886687e-01 1 1 1 400.000000 4.339279e-03 6.971303e-01 4.000000e+02 0.000000e+00 0.000000e+00 2.619365e+04 -1.746501e-04 7.282082e-17 -3.281383e-05 -2.532437e-04 -2.336609e-04 -3.704421e-05 0.040162
125.000000 400.000000 0.000000 6.310000 -0.000000 0.000000 0.000000 75.814246 7.886687e-01 1 1 1 400.000000 4.339279e-03 6.835664e-01 4.000000e+02 0.000000e+00 0.000000e+00 2.473534e+04 -1.746501e-04 1.456416e-16 -3.281383e-05 -2.532437e-04 -2.336609e-04 -3.704421e-05 0.040162
125.000000 400.000000 0.000000 6.680000 -0.000000 0.000000 0.000000 75.814246 7.886687e-01 1 1 1 400.000000 4.339279e-03 6.799359e-01 4.000000e+02 0.000000e+00 0.000000e+00 2.342709e+04 -1.746501e-04 0.000000e+00 -3.281383e-05 -2.532437e-04 -2.336609e-04 -3.704421e-05 0.040162
125.000000 400.000000 0.000000 7.050000 -0.000000 0.000000 0.000000 75.814246 7.886687e-01 1 1 1 400.000000 4.339279e-03 6.846397e-01 4.000000e+02 -3.859313e-18 3.859313e-18 2.224742e+04 -1.746501e-04 7.282082e-17 -3.281383e-05 -2.532437e-04 -2.336609e-04 -3.704421e-05 0.040162
125.000000 400.000000 0.000000 7.420000 -0.000000 0.000000 0.000000 75.814246 7.886687e-01 1 1 1 400.000000 4.339279e-03 6.964675e-01 4.000000e+02 -3.673914e-18 3.673914e-18 2.117867e+04 -1.746501e-04 7.282082e-17 -3.281383e-05 -2.532437e-04 -2.336609e-04 -3.704421e-05 0.040162
125.000000 400.000000 0.000000 7.790000 -0.000000 0.000000 0.000000 75.814246 7.886687e-01 1 1 1 400.000000 4.339279e-03 7.144891e-01 4.000000e+02 -3.505213e-18 3.505213e-18 2.020618e+04 -1.746501e-04 0.000000e+00 -3.281383e-05 -2.532437e-04 -2.336609e-04 -3.704421e-05 0.040162
125.000000 400.000000 0.000000 8.160000 -0.000000 0.000000 0.000000 75.814246 7.886687e-01 1 1 1 400.000000 4.339279e-03 7.379806e-01 4.000000e+02 0.000000e+00 0.000000e+00 1.931772e+04 -1.746501e-04 0.000000e+00 -3.281383e-05 -2.532437e-04 -2.336609e-04 -3.704421e-05 0.040162
125.000000 400.000000 0.000000 8.530000 -0.000000 0.000000 0.000000 75.814246 7.886687e-01 1 1 1 400.000000 4.339279e-03 7.663714e-01 4.000000e+02 0.000000e+00 0.000000e+00 1.850303e+04 -1.746501e-04 1.456416e-16 -3.281383e-05 -2.532437e-04 -2.336609e-04 -3.704421e-05 0.040162
125.000000 400.000000 0.000000 8.900000 -0.000000 0.000000 0.000000 75.814246 7.886687e-01 1 1 1 400.000000 4.339279e-03 7.992070e-01 4.000000e+02 6.159447e-18 -6.159447e-18 1.775340e+04 -1.746501e-04 0.000000e+00 -3.281383e-05 -2.532437e-04 -2.336609e-04 -3.704421e-05 0.040162
125.000000 400.000000 0.000000 9.270000 -0.000000 0.000000 0.000000 75.814246 7.886687e-01 1 1 1 400.000000 4.339279e-03 8.361218e-01 4.000000e+02 5.919374e-18 -5.919374e-18 1.706143e+04 -1.746501e-04 1.456416e-16 -3.281383e-05 -2.532437e-04 -2.336609e-04 -3.704421e-05 0.040162
125.000000 400.000000 0.000000 9.640000 -0.000000 0.000000 0.000000 75.814246 7.886687e-01 1 1 1 400.000000 4.339279e-03 8.768190e-01 4.000000e+02 0.000000e+00 0.000000e+00 1.642081e+04 -1.746501e-04 9.223970e-16 -3.281383e-05 -2.532437e-04 -2.336609e-04 -3.704421e-05 0.040162
125.000000 400.000000 0.000000 10.010000 -0.000000 0.000000 0.000000 75.814246 7.886687e-01 1 1 1 400.000000 4.339279e-03 9.210556e-01 4.000000e+02 5.490771e-18 -5.490771e-18 1.582607e+04 -1.746501e-04 4.611985e-16 -3.281383e-05 -2.532437e-04 -2.336609e-04 -3.704421e-05 0.040162
125.000000 400.000000 0.000000 10.380000 -0.000000 0.000000 0.000000 75.814246 7.886687e-01 1 1 1 400.000000 4.339279e-03 9.686312e-01 4.000000e+02 0.000000e+00 0.000000e+00 1.527251e+04 -1.746501e-04 1.456416e-16 -3.281383e-05 -2.532437e-04 -2.336609e-04 -3.704421e-05 0.040162
125.000000 400.000000 0.000000 10.750000 -0.000000 0.000000 0.000000 75.814246 7.886687e-01 1 1 1 400.000000 4.339279e-03 1.019379e+00 4.000000e+02 0.000000e+00 0.000000e+00 1.475603e+04 -1.746501e-04 3.883777e-16 -3.281383e-05 -2.532437e-04 -2.336609e-04 -3.704421e-05 0.040162
125.000000 400.000000 0.000000 11.120000 -0.000000 0.000000 0.000000 75.814246 7.886687e-01 1 1 1 400.000000 4.339279e-03 1.073160e+00 4.000000e+02 0.000000e+00 0.000000e+00 1.427306e+04 -1.746501e-04 3.883777e-16 -3.281383e-05 -2.532437e-04 -2.336609e-04 -3.704421e-05 0.040162
125.000000 400.000000 0.000000 11.490000 -0.000000 0.000000 0.000000 75.814246 7.886687e-01 1 1 1 400.000000 4.339279e-03 1.129856e+00 4.000000e+02 0.000000e+00 0.000000e+00 1.382047e+04 -1.746501e-04 5.340193e-16 -3.281383e-05 -2.532437e-04 -2.336609e-04 -3.704421e-05 0.040162
125.000000 400.000000 0.000000 11.860000 -0.000000 0.000000 0.000000 75.814246 7.886687e-01 1 1 1 400.000000 4.339279e-03 1.189370e+00 4.000000e+02 0.000000e+00 0.000000e+00 1.339549e+04 -1.746501e-04 1.456416e-16 -3.281383e-05 -2.532437e-04 -2.336609e-04 -3.704421e-05 0.040162
125.000000 400.000000 0.000000 12.230000 -0.000000 0.000000 0.000000 75.814246 7.886687e-01 1 1 1 400.000000 4.339279e-03 1.251615e+00 4.000000e+02 4.508789e-18 -4.508789e-18 1.299570e+04 -1.746501e-04 3.883777e-16 -3.281383e-05 -2.532437e-04 -2.336609e-04 -3.704421e-05 0.040162
125.000000 400.000000 0.000000 12.600000 -0.000000 0.000000 0.000000 75.814246 7.886687e-01 1 1 1 400.000000 4.339279e-03 1.316519e+00 4.000000e+02 0.000000e+00 0.000000e+00 1.261893e+04 -1.746501e-04 3.883777e-16 -3.281383e-05 -2.532437e-04 -2.336609e-04 -3.704421e-05 0.040162
125.000000 400.000000 0.000000 12.970000 -0.000000 0.000000 0.000000 75.814246 8.175649e-01 1 1 1 400.000000 4.339279e-03 1.384022e+00 4.000000e+02 0.000000e+00 0.000000e+00 1.226326e+04 -1.746501e-04 7.282082e-17 -3.281383e-05 -2.532437e-04 -2.336609e-04 -3.704421e-05 0.040162
125.000000 400.000000 0.000000 13.340000 -0.000000 0.000000 0.000000 75.814246 8.641350e-01 1 1 1 400.000000 4.339279e-03 1.454068e+00 4.000000e+02 4.138003e-18 -4.138003e-18 1.192698e+04 -1.746501e-04 0.000000e+00 -3.281383e-05 -2.532437e-04 -2.336609e-04 -3.704421e-05 0.040162
125.000000 400.000000 0.000000 13.710000 -0.000000 0.000000 0.000000 75.814246 9.122494e-01 1 1 1 400.000000 4.339279e-03 1.526612e+00 4.000000e+02 4.027526e-18 -4.027526e-18 1.160855e+04 -1.746501e-04 0.000000e+00 -3.281383e-05 -2.532437e-04 -2.336609e-04 -3.704421e-05 0.040162
125.000000 400.000000 0.000000 14.080000 -0.000000 0.000000 0.000000 75.814246 9.615023e-01 1 1 1 400.000000 4.339279e-03 1.601613e+00 4.000000e+02 -3.922766e-18 3.922766e-18 1.130660e+04 -1.746501e-04 3.883777e-16 -3.281383e-05 -2.532437e-04 -2.336609e-04 -3.704421e-05 0.040162
125.000000 400.000000 0.026000 1.500000 -0.001610 -0.001610 0.000000 75.774084 8.071588e-01 1 1 1 400.000000 4.130445e-03 6.700091e+00 4.000000e+02 -2.081668e-17 -1.734723e-18 7.587941e+04 -1.312612e-04 -7.692346e-05 -3.487269e-05 -2.486679e-04 -2.309534e-04 -3.704421e-05 0
125.000000 400.000000 0.026000 1.870000 -0.001610 -0.001610 0.000000 75.862486 8.018271e-01 1 1 1 400.000000 4.073747e-03 4.329748e+00 4.000000e+02 6.938894e-18 -3.295975e-17 6.766280e+04 -1.312612e-04 -7.692346e-05 -3.487269e-05 -2.486679e-04 -2.309534e-04 -3.704421e-05 0.088402
125.000000 400.000000 0.026000 2.240000 -0.001610 -0.001610 0.000000 75.970332 6.936343e-01 1 1 1 400.000000 4.018673e-03 3.039892e+00 4.000000e+02 2.428613e-17 2.428613e-17 6.030110e+04 -1.312612e-04 -7.692346e-05 -3.487269e-05 -2.486679e-04 -2.309534e-04 -3.704421e-05 0.196248
125.000000 400.000000 0.026000 2.610000 -0.001610 -0.001610 0.000000 76.101740 7.009681e-01 1 1 1 400.000000 3.964757e-03 2.265268e+00 4.000000e+02 1.387779e-17 -2.081668e-17 5.398592e+04 -1.312612e-04 -7.692346e-05 -3.487269e-05 -2.486679e-04 -2.309534e-04 -3.704421e-05 0.327656
125.000000 400.000000 0.026000 2.980000 -0.001610 -0.001610 0.000000 76.257695 7.088675e-01 1 1 1 400.000000 3.911768e-03 1.767736e+00 4.000000e+02 6.938894e-18 2.081668e-17 4.865570e+04 -1.312612e-04 -7.692346e-05 -3.487269e-05 -2.486679e-04 -2.309534e-04 -3.704421e-05 0.483611
125.000000 400.000000 0.026000 3.350000 -0.001610 -0.001610 0.000000 76.441118 7.171930e-01 1 1 1 400.000000 3.859576e-03 1.432837e+00 4.000000e+02 1.734723e-18 1.387779e-17 4.416385e+04 -1.312612e-04 -7.692346e-05 -3.487269e-05 -2.486679e-04 -2.309534e-04 -3.704421e-05 0.667034
125.000000 400.000000 0.026000 3.720000 -0.001610 -0.001610 0.000000 76.652474 7.258609e-01 1 1 1 400.000000 3.808105e-03 1.200016e+00 4.000000e+02 5.204170e-18 -6.938894e-18 4.036026e+04 -1.312612e-04 -7.692346e-05 -3.487269e-05 -2.486679e-04 -2.309534e-04 -3.704421e-05 0.87839
125.000000 400.000000 0.026000 4.090000 -0.001610 -0.001610 0.000000 76.892547 7.348188e-01 1 1 1 400.000000 3.757305e-03 1.034793e+00 4.000000e+02 1.908196e-17 -6.938894e-18 3.711576e+04 -1.312612e-04 -7.692346e-05 -3.487269e-05 -2.486679e-04 -2.309534e-04 -3.704421e-05 1.11846
125.000000 400.000000 0.026000 4.460000 -0.001610 -0.001610 0.000000 77.161979 7.440319e-01 1 1 1 400.000000 3.707144e-03 9.163684e-01 4.000000e+02 -5.204170e-18 -2.081668e-17 3.432556e+04 -1.312612e-04 -7.692346e-05 -3.487269e-05 -2.486679e-04 -2.309534e-04 -3.704421e-05 1.3879
125.000000 400.000000 0.026000 4.830000 -0.001610 -0.001610 0.000000 77.461313 7.534767e-01 1 1 1 400.000000 3.657598e-03 8.315878e-01 4.000000e+02 -2.255141e-17 4.163336e-17 3.190646e+04 -1.312612e-04 -7.692346e-05 -3.487269e-05 -2.486679e-04 -2.309534e-04 -3.704421e-05 1.68723
125.000000 400.000000 0.026000 5.200000 -0.001610 -0.001610 0.000000 77.791013 7.631367e-01 1 1 1 400.000000 3.608652e-03 7.718037e-01 4.000000e+02 1.040834e-17 3.469447e-17 2.979276e+04 -1.312612e-04 -7.692346e-05 -3.487269e-05 -2.486679e-04 -2.309534e-04 -3.704421e-05 2.01693
125.000000 400.000000 0.026000 5.570000 -0.001610 -0.001610 0.000000 78.165297 7.730002e-01 1 1 1 400.000000 3.560293e-03 7.311416e-01 4.000000e+02 1.908196e-17 2.775558e-17 2.793245e+04 -1.312612e-04 -7.692346e-05 -3.487269e-05 -2.486679e-04 -2.309534e-04 -3.704421e-05 2.39121
125.000000 400.000000 0.026000 5.940000 -0.001610 -0.001610 0.000000 78.555685 7.830586e-01 1 1 1 400.000000 3.512513e-03 7.054972e-01 4.000000e+02 3.469447e-18 3.469447e-17 2.628411e+04 -1.312612e-04 -7.692346e-05 -3.487269e-05 -2.486679e-04 -2.309534e-04 -3.704421e-05 2.7816
125.000000 400.000000 0.026000 6.310000 -0.001610 -0.001610 0.000000 78.968416 7.933056e-01 1 1 1 400.000000 3.465304e-03 6.919333e-01 4.000000e+02 3.469447e-18 -1.387779e-17 2.481455e+04 -1.312612e-04 -7.692346e-05 -3.487269e-05 -2.486679e-04 -2.309534e-04 -3.704421e-05 3.19433
125.000000 400.000000 0.026000 6.680000 -0.001610 -0.001610 0.000000 79.422566 8.037367e-01 1 1 1 400.000000 3.418662e-03 6.883027e-01 4.000000e+02 -3.035766e-17 -2.081668e-17 2.349693e+04 -1.312612e-04 -7.692346e-05 -3.487269e-05 -2.486679e-04 -2.309534e-04 -3.704421e-05 3.64848
125.000000 400.000000 0.026000 7.050000 -0.001610 -0.001610 0.000000 79.908155 8.143482e-01 1 1 1 400.000000 3.372582e-03 6.930066e-01 4.000000e+02 8.673617e-18 4.163336e-17 2.230938e+04 -1.312612e-04 -7.692346e-05 -3.487269e-05 -2.486679e-04 -2.309534e-04 -3.704421e-05 4.13407
125.000000 400.000000 0.026000 7.420000 -0.001610 -0.001610 0.000000 80.426786 8.251375e-01 1 1 1 400.000000 3.327061e-03 7.048343e-01 4.000000e+02 8.673617e-18 -3.469447e-17 2.123393e+04 -1.312612e-04 -7.692346e-05 -3.487269e-05 -2.486679e-04 -2.309534e-04 -3.704421e-05 4.6527
125.000000 400.000000 0.026000 7.790000 -0.001610 -0.001610 0.000000 80.977250 8.361027e-01 1 1 1 400.000000 3.282096e-03 7.228560e-01 4.000000e+02 -1.301043e-17 0.000000e+00 2.025571e+04 -1.312612e-04 -7.692346e-05 -3.487269e-05 -2.486679e-04 -2.309534e-04 -3.704421e-05 5.20317
125.000000 400.000000 0.026000 8.160000 -0.001610 -0.001610 0.000000 81.559657 8.472420e-01 1 1 1 400.000000 3.237685e-03 7.463475e-01 4.000000e+02 1.691355e-17 -6.245005e-17 1.936231e+04 -1.312612e-04 -7.692346e-05 -3.487269e-05 -2.486679e-04 -2.309534e-04 -3.704421e-05 5.78557
125.000000 400.000000 0.026000 8.530000 -0.001610 -0.001610 0.000000 82.174084 8.585543e-01 1 1 1 400.000000 3.193825e-03 7.747383e-01 4.000000e+02 9.107298e-18 -4.163336e-17 1.854332e+04 -1.312612e-04 -7.692346e-05 -3.487269e-05 -2.486679e-04 -2.309534e-04 -3.704421e-05 6.4
125.000000 400.000000 0.026000 8.900000 -0.001610 -0.001610 0.000000 82.745221 8.700384e-01 1 1 1 400.000000 3.150517e-03 8.075739e-01 4.000000e+02 2.168404e-17 -4.163336e-17 1.778995e+04 -1.312612e-04 -7.692346e-05 -3.487269e-05 -2.486679e-04 -2.309534e-04 -3.704421e-05 6.97114
125.000000 400.000000 0.026000 9.270000 -0.001610 -0.001610 0.000000 83.425975 8.816936e-01 1 1 1 400.000000 3.107758e-03 8.444887e-01 4.000000e+02 8.673617e-18 -3.469447e-17 1.709470e+04 -1.312612e-04 -7.692346e-05 -3.487269e-05 -2.486679e-04 -2.309534e-04 -3.704421e-05 7.65189
125.000000 400.000000 0.026000 9.640000 -0.001610 -0.001610 0.000000 84.138718 8.935189e-01 1 1 1 400.000000 3.065546e-03 8.851859e-01 4.000000e+02 -7.155734e-18 -2.081668e-17 1.645118e+04 -1.312612e-04 -7.692346e-05 -3.487269e-05 -2.486679e-04 -2.309534e-04 -3.704421e-05 8.36463
125.000000 400.000000 0.026000 10.010000 -0.001610 -0.001610 0.000000 84.883387 9.055137e-01 1 1 1 400.000000 3.023882e-03 9.294225e-01 4.000000e+02 2.602085e-18 0.000000e+00 1.585387e+04 -1.312612e-04 -7.692346e-05 -3.487269e-05 -2.486679e-04 -2.309534e-04 -3.704421e-05 9.1093
125.000000 400.000000 0.026000 10.380000 -0.001610 -0.001610 0.000000 85.659883 9.176771e-01 1 1 1 400.000000 2.982765e-03 9.769981e-01 4.000000e+02 1.517883e-18 -2.081668e-17 1.529803e+04 -1.312612e-04 -7.692346e-05 -3.487269e-05 -2.486679e-04 -2.309534e-04 -3.704421e-05 9.8858
125.000000 400.000000 0.026000 10.750000 -0.001610 -0.001610 0.000000 86.468070 9.300083e-01 1 1 1 400.000000 2.942193e-03 1.027746e+00 4.000000e+02 -1.105886e-17 6.245005e-17 1.477951e+04 -1.312612e-04 -7.692346e-05 -3.487269e-05 -2.486679e-04 -2.309534e-04 -3.704421e-05 10.694
125.000000 400.000000 0.026000 11.120000 -0.001610 -0.001610 0.000000 87.305193 9.425066e-01 1 1 1 400.000000 2.902166e-03 1.081527e+00 4.000000e+02 1.301043e-17 2.775558e-17 1.429470e+04 -1.312612e-04 -7.692346e-05 -3.487269e-05 -2.486679e-04 -2.309534e-04 -3.704421e-05 11.5311
125.000000 400.000000 0.052000 1.500000 -0.006439 -0.006439 0.000000 76.435167 7.376222e-01 1 1 1 400.000000 3.925354e-03 6.725192e+00 4.000000e+02 -2.775558e-17 -1.040834e-17 7.781835e+04 -1.094480e-06 -3.076938e-04 -4.104927e-05 -2.349406e-04 -2.228311e-04 -3.704421e-05 0.661083
125.000000 400.000000 0.052000 1.870000 -0.006439 -0.006439 0.000000 76.839796 7.492377e-01 1 1 1 400.000000 3.816893e-03 4.354848e+00 4.000000e+02 1.387779e-17 -3.122502e-17 6.870733e+04 -1.094480e-06 -3.076938e-04 -4.104927e-05 -2.349406e-04 -2.228311e-04 -3.704421e-05 1.06571
125.000000 400.000000 0.052000 2.240000 -0.006439 -0.006439 0.000000 77.359215 7.638259e-01 1 1 1 400.000000 3.712802e-03 3.064992e+00 4.000000e+02 1.387779e-17 1.387779e-17 6.096932e+04 -1.094480e-06 -3.076938e-04 -4.104927e-05 -2.349406e-04 -2.228311e-04 -3.704421e-05 1.58513
125.000000 400.000000 0.052000 2.610000 -0.006439 -0.006439 0.000000 77.996585 7.803762e-01 1 1 1 400.000000 3.612129e-03 2.290369e+00 4.000000e+02 3.469447e-17 -8.326673e-17 5.444994e+04 -1.094480e-06 -3.076938e-04 -4.104927e-05 -2.349406e-04 -2.228311e-04 -3.704421e-05 2.2225
125.000000 400.000000 0.052000 2.980000 -0.006439 -0.006439 0.000000 78.758699 7.983872e-01 1 1 1 400.000000 3.514399e-03 1.792836e+00 4.000000e+02 -5.551115e-17 9.714451e-17 4.899451e+04 -1.094480e-06 -3.076938e-04 -4.104927e-05 -2.349406e-04 -2.228311e-04 -3.704421e-05 2.98461
125.000000 400.000000 0.052000 3.350000 -0.006439 -0.006439 0.000000 79.639457 8.175837e-01 1 1 1 400.000000 3.419351e-03 1.457938e+00 4.000000e+02 0.000000e+00 -1.387779e-17 4.441996e+04 -1.094480e-06 -3.076938e-04 -4.104927e-05 -2.349406e-04 -2.228311e-04 -3.704421e-05 3.86537
125.000000 400.000000 0.052000 3.720000 -0.006439 -0.006439 0.000000 80.646197 8.378037e-01 1 1 1 400.000000 3.326826e-03 1.225116e+00 4.000000e+02 1.387779e-17 -1.387779e-17 4.055889e+04 -1.094480e-06 -3.076938e-04 -4.104927e-05 -2.349406e-04 -2.228311e-04 -3.704421e-05 4.87211
125.000000 400.000000 0.052000 4.090000 -0.006439 -0.006439 0.000000 81.780267 8.589458e-01 1 1 1 400.000000 3.236727e-03 1.059894e+00 4.000000e+02 1.387779e-17 -1.387779e-17 3.727288e+04 -1.094480e-06 -3.076938e-04 -4.104927e-05 -2.349406e-04 -2.228311e-04 -3.704421e-05 6.00618
125.000000 400.000000 0.052000 4.460000 -0.006439 -0.006439 0.000000 82.964771 8.809438e-01 1 1 1 400.000000 3.148985e-03 9.414690e-01 4.000000e+02 6.938894e-18 -6.938894e-17 3.445179e+04 -1.094480e-06 -3.076938e-04 -4.104927e-05 -2.349406e-04 -2.228311e-04 -3.704421e-05 7.19069
125.000000 400.000000 0.052000 4.830000 -0.006439 -0.006439 0.000000 84.356941 9.037515e-01 1 1 1 400.000000 3.063556e-03 8.566884e-01 4.000000e+02 -1.734723e-18 5.551115e-17 3.200915e+04 -1.094480e-06 -3.076938e-04 -4.104927e-05 -2.349406e-04 -2.228311e-04 -3.704421e-05 8.58286
125.000000 400.000000 0.052000 5.200000 -0.006439 -0.006439 0.000000 85.875707 9.273356e-01 1 1 1 400.000000 2.980406e-03 7.969044e-01 4.000000e+02 1.734723e-18 8.326673e-17 2.987715e+04 -1.094480e-06 -3.076938e-04 -4.104927e-05 -2.349406e-04 -2.228311e-04 -3.704421e-05 10.1016
125.000000 400.000000 0.052000 5.570000 -0.006439 -0.006439 0.000000 87.517659 9.516695e-01 1 1 1 400.000000 2.899511e-03 7.562422e-01 4.000000e+02 1.561251e-17 2.775558e-17 2.800235e+04 -1.094480e-06 -3.076938e-04 -4.104927e-05 -2.349406e-04 -2.228311e-04 -3.704421e-05 11.7436
125.000000 400.000000 0.078000 1.500000 -0.014489 -0.014489 0.000000 77.796630 7.965445e-01 0 1 1 400.000000 3.724437e-03 6.767026e+00 4.000000e+02 -1.387779e-17 -2.428613e-17 7.965875e+04 2.158501e-04 -6.923111e-04 -5.134356e-05 -2.120616e-04 -2.092940e-04 -3.704421e-05 2.02255
125.000000 400.000000 0.078000 1.870000 -0.014489 -0.014489 0.000000 78.757587 8.159237e-01 1 1 1 400.000000 3.569266e-03 4.396683e+00 4.000000e+02 2.775558e-17 -4.163336e-17 6.966593e+04 2.158501e-04 -6.923111e-04 -5.134356e-05 -2.120616e-04 -2.092940e-04 -3.704421e-05 2.9835
125.000000 400.000000 0.078000 2.240000 -0.014489 -0.014489 0.000000 80.029735 8.402935e-01 1 1 1 400.000000 3.422335e-03 3.106827e+00 4.000000e+02 2.775558e-17 6.938894e-18 6.156172e+04 2.158501e-04 -6.923111e-04 -5.134356e-05 -2.120616e-04 -2.092940e-04 -3.704421e-05 4.25565
125.000000 400.000000 0.078000 2.610000 -0.014489 -0.014489 0.000000 81.574449 8.681344e-01 1 1 1 400.000000 3.282179e-03 2.332203e+00 4.000000e+02 1.387779e-17 -9.714451e-17 5.484646e+04 2.158501e-04 -6.923111e-04 -5.134356e-05 -2.120616e-04 -2.092940e-04 -3.704421e-05 5.80036
125.000000 400.000000 0.078000 2.980000 -0.014489 -0.014489 0.000000 83.327700 8.986944e-01 1 1 1 400.000000 3.148074e-03 1.834671e+00 4.000000e+02 -4.857226e-17 6.938894e-17 4.927271e+04 2.158501e-04 -6.923111e-04 -5.134356e-05 -2.120616e-04 -2.092940e-04 -3.704421e-05 7.55362
125.000000 400.000000 0.078000 3.350000 -0.014489 -0.014489 0.000000 85.449838 9.315580e-01 1 1 1 400.000000 3.019618e-03 1.499772e+00 4.000000e+02 -2.081668e-17 1.387779e-17 4.462120e+04 2.158501e-04 -6.923111e-04 -5.134356e-05 -2.120616e-04 -2.092940e-04 -3.704421e-05 9.67575
125.000000 400.000000 0.104000 1.500000 -0.025758 -0.025758 0.000000 79.814704 8.587593e-01 0 1 1 400.000000 3.528124e-03 6.825594e+00 4.000000e+02 -2.775558e-17 -3.469447e-17 8.139634e+04 5.195724e-04 -1.230775e-03 -6.575558e-05 -1.800311e-04 -1.903419e-04 -3.704421e-05 4.04062
125.000000 400.000000 0.104000 1.870000 -0.025758 -0.025758 0.000000 81.616041 8.873418e-01 0 1 1 400.000000 3.331420e-03 4.455251e+00 4.000000e+02 0.000000e+00 -4.857226e-17 7.053622e+04 5.195724e-04 -1.230775e-03 -6.575558e-05 -1.800311e-04 -1.903419e-04 -3.704421e-05 5.84196
125.000000 400.000000 0.104000 2.240000 -0.025758 -0.025758 0.000000 83.862232 9.233065e-01 1 1 1 400.000000 3.147944e-03 3.165395e+00 4.000000e+02 1.387779e-17 4.163336e-17 6.207670e+04 5.195724e-04 -1.230775e-03 -6.575558e-05 -1.800311e-04 -1.903419e-04 -3.704421e-05 8.08815
125.000000 400.000000 0.104000 2.610000 -0.025758 -0.025758 0.000000 86.708450 9.646041e-01 1 1 1 400.000000 2.975698e-03 2.390771e+00 4.000000e+02 4.163336e-17 -1.387779e-16 5.517432e+04 5.195724e-04 -1.230775e-03 -6.575558e-05 -1.800311e-04 -1.903419e-04 -3.704421e-05 10.9344
125.000000 400.000000 0.130000 1.500000 -0.040247 -0.040247 0.000000 82.458591 9.243019e-01 0 1 1 399.999999 3.336851e-03 6.900896e+00 4.000000e+02 -5.551115e-17 -3.469447e-17 8.302682e+04 9.100726e-04 -1.923087e-03 -8.428531e-05 -1.388491e-04 -1.659750e-04 -3.704421e-05 6.68451
125.000000 400.000000 0.130000 1.870000 -0.040247 -0.040247 0.000000 85.242552 9.635833e-01 0 1 1 399.999999 3.103913e-03 4.530553e+00 4.000000e+02 0.000000e+00 -7.979728e-17 7.131576e+04 9.100726e-04 -1.923087e-03 -8.428531e-05 -1.388491e-04 -1.659750e-04 -3.704421e-05 9.46847
125.000000 400.000000 0.156000 1.500000 -0.057955 -0.057955 0.000000 85.583930 9.931592e-01 0 1 1 399.999999 3.151061e-03 6.992932e+00 4.000000e+02 -5.551115e-17 -1.387779e-17 8.454582e+04 1.387351e-03 -2.769245e-03 -1.069328e-04 -8.851546e-05 -1.361933e-04 -3.704421e-05 9.80985
125.000000 400.000000 0.468000 3.720000 -0.521597 -0.521597 0.000000 79.982813 8.954048e-01 1 1 1 399.999990 3.399435e-03 3.902518e+00 4.000000e+02 2.775558e-17 -3.330669e-16 3.652213e+04 1.388336e-02 -2.492320e-02 -6.998842e-04 1.229310e-03 6.435474e-04 -3.704421e-05 4.20873
125.000000 400.000000 0.494000 3.350000 -0.581162 -0.581162 0.000000 81.525577 8.854217e-01 1 1 1 399.999989 3.037161e-03 4.444914e+00 4.000000e+02 0.000000e+00 0.000000e+00 3.976664e+04 1.548875e-02 -2.776937e-02 -7.760620e-04 1.398614e-03 7.437225e-04 -3.704421e-05 5.75149
125.000000 400.000000 0.520000 2.980000 -0.643947 -0.643947 0.000000 85.121741 9.425771e-01 1 1 1 399.999988 2.632785e-03 5.106120e+00 4.000000e+02 -1.110223e-16 4.440892e-16 4.379659e+04 1.718091e-02 -3.076938e-02 -8.563575e-04 1.577070e-03 8.493123e-04 -3.704421e-05 9.34766
125.000000 400.000000 0.520000 3.350000 -0.643947 -0.643947 0.000000 81.113974 3.698320e-01 1 1 1 399.999988 3.505978e-03 4.771222e+00 4.000000e+02 -8.326673e-17 2.220446e-16 3.891339e+04 1.718091e-02 -3.076938e-02 -8.563575e-04 1.577070e-03 8.493123e-04 -3.704421e-05 5.33989
125.000000 400.000000 0.546000 2.980000 -0.709951 -0.709951 0.000000 82.144363 3.250460e-01 1 1 1 399.999986 3.006705e-03 5.449162e+00 4.000000e+02 -2.220446e-16 6.661338e-16 4.280812e+04 1.895986e-02 -3.392325e-02 -9.407707e-04 1.764677e-03 9.603171e-04 -3.704421e-05 6.37028
125.000000 400.000000 0.572000 2.610000 -0.779175 -0.779175 0.000000 86.300317 8.435260e-01 1 1 1 399.999985 2.497335e-03 6.306471e+00 4.000000e+02 1.110223e-16 -4.996004e-16 4.783660e+04 2.082558e-02 -3.723096e-02 -1.029302e-03 1.961436e-03 1.076737e-03 -3.704422e-05 10.5262
125.000000 400.000000 0.572000 2.980000 -0.779175 -0.779175 0.000000 83.200272 3.755692e-01 1 1 1 399.999985 3.435559e-03 5.808938e+00 4.000000e+02 -5.551115e-17 5.551115e-16 4.173592e+04 2.082558e-02 -3.723096e-02 -1.029302e-03 1.961436e-03 1.076737e-03 -3.704422e-05 7.42619
125.000000 400.000000 0.598000 2.610000 -0.851619 -0.851619 0.000000 83.970585 2.926714e-01 1 1 1 399.999984 2.822618e-03 6.682980e+00 4.000000e+02 1.665335e-16 -4.996004e-16 4.658826e+04 2.277808e-02 -4.069251e-02 -1.121950e-03 2.167346e-03 1.198571e-03 -3.704422e-05 8.1965
125.000000 400.000000 0.624000 2.610000 -0.927283 -0.927283 0.000000 85.658382 4.545728e-01 1 1 1 399.999982 3.195619e-03 7.076223e+00 4.000000e+02 5.551115e-17 -6.106227e-16 4.523582e+04 2.481736e-02 -4.430791e-02 -1.218717e-03 2.382408e-03 1.325821e-03 -3.704422e-05 9.8843
125.000000 400.000000 0.650000 2.240000 -1.006167 -1.006167 0.000000 87.139264 6.210876e-01 1 1 1 399.999981 2.509920e-03 8.260824e+00 4.000000e+02 0.000000e+00 3.330669e-16 5.165336e+04 2.694342e-02 -4.807716e-02 -1.319601e-03 2.606622e-03 1.458485e-03 -3.704422e-05 11.3652
