mh mH cba tb Z4 Z5 Z7 chisq tot_hbobs stb uni per mA Gamma_h Gamma_A mHc l6 l7 m12_2 S T U V W X  chisqdiff
125.000000 400.000000 -0.104000 1.500000 -1.250256 1.198740 0.000000 83.433241 6.320988e-01 0 1 1 292.857174 5.203500e-03 4.735208e-02 4.000000e+02 -2.775558e-17 6.245005e-17 6.485453e+04 -6.594788e-03 4.114780e-03 1.436601e-05 -2.448093e-04 -2.279692e-04 -3.704421e-05 7.65916
125.000000 400.000000 -0.104000 1.870000 -1.250256 1.198740 0.000000 84.623498 5.720670e-01 0 1 1 292.857174 5.477226e-03 5.209061e-02 4.000000e+02 1.387779e-17 3.469447e-17 6.123451e+04 -6.594788e-03 4.114780e-03 1.436601e-05 -2.448093e-04 -2.279692e-04 -3.704421e-05 8.84941
125.000000 400.000000 -0.104000 2.240000 -1.250256 1.198740 0.000000 86.249687 5.044335e-01 0 1 1 292.857174 5.755740e-03 5.965191e-02 4.000000e+02 2.775558e-17 -9.714451e-17 5.587801e+04 -6.594788e-03 4.114780e-03 1.436601e-05 -2.448093e-04 -2.279692e-04 -3.704421e-05 10.4756
125.000000 400.000000 -0.078000 1.500000 -1.238987 1.210009 0.000000 80.403784 8.393443e-01 0 1 1 292.857174 4.983970e-03 3.561174e-02 4.000000e+02 0.000000e+00 4.163336e-17 6.722275e+04 -6.867663e-03 2.314564e-03 -2.069215e-06 -2.758464e-04 -2.469212e-04 -3.704421e-05 4.6297
125.000000 400.000000 -0.078000 1.870000 -1.238987 1.210009 0.000000 81.153712 7.366906e-01 0 1 1 292.857174 5.182466e-03 4.035027e-02 4.000000e+02 2.775558e-17 -3.469447e-18 6.267298e+04 -6.867663e-03 2.314564e-03 -2.069215e-06 -2.758464e-04 -2.469212e-04 -3.704421e-05 5.37963
125.000000 400.000000 -0.078000 2.240000 -1.238987 1.210009 0.000000 82.181852 6.282209e-01 0 1 1 292.857174 5.382855e-03 4.791157e-02 4.000000e+02 1.387779e-17 -6.938894e-17 5.690160e+04 -6.867663e-03 2.314564e-03 -2.069215e-06 -2.758464e-04 -2.469212e-04 -3.704421e-05 6.40777
125.000000 400.000000 -0.078000 2.610000 -1.238987 1.210009 0.000000 83.452173 5.211196e-01 0 1 1 292.857174 5.586384e-03 5.766637e-02 4.000000e+02 1.387779e-17 6.938894e-17 5.147769e+04 -6.867663e-03 2.314564e-03 -2.069215e-06 -2.758464e-04 -2.469212e-04 -3.704421e-05 7.67809
125.000000 400.000000 -0.078000 2.980000 -1.238987 1.210009 0.000000 84.818294 4.413501e-01 0 1 1 292.857174 5.793685e-03 6.934957e-02 4.000000e+02 2.775558e-17 -6.938894e-17 4.671176e+04 -6.867663e-03 2.314564e-03 -2.069215e-06 -2.758464e-04 -2.469212e-04 -3.704421e-05 9.04421
125.000000 400.000000 -0.078000 3.350000 -1.238987 1.210009 0.000000 86.317772 4.278646e-01 0 1 1 292.857174 6.005113e-03 8.283376e-02 4.000000e+02 0.000000e+00 1.387779e-17 4.260440e+04 -6.867663e-03 2.314564e-03 -2.069215e-06 -2.758464e-04 -2.469212e-04 -3.704421e-05 10.5437
125.000000 400.000000 -0.052000 1.870000 -1.230938 1.218059 0.000000 78.515001 9.309091e-01 0 1 1 292.857175 4.894187e-03 3.196431e-02 4.000000e+02 -1.387779e-17 4.857226e-17 6.403744e+04 -7.062574e-03 1.028695e-03 -1.380866e-05 -2.980157e-04 -2.604584e-04 -3.704421e-05 2.74092
125.000000 400.000000 -0.052000 2.240000 -1.230938 1.218059 0.000000 79.024197 7.641791e-01 0 1 1 292.857175 5.022037e-03 3.952561e-02 4.000000e+02 4.163336e-17 -7.632783e-17 5.785730e+04 -7.062574e-03 1.028695e-03 -1.380866e-05 -2.980157e-04 -2.604584e-04 -3.704421e-05 3.25011
125.000000 400.000000 -0.052000 2.610000 -1.230938 1.218059 0.000000 79.639371 6.095238e-01 0 1 1 292.857175 5.150876e-03 4.928041e-02 4.000000e+02 1.387779e-17 2.081668e-17 5.220028e+04 -7.062574e-03 1.028695e-03 -1.380866e-05 -2.980157e-04 -2.604584e-04 -3.704421e-05 3.86529
125.000000 400.000000 -0.052000 2.980000 -1.230938 1.218059 0.000000 80.342830 4.965507e-01 0 1 1 292.857175 5.281137e-03 6.096361e-02 4.000000e+02 -6.938894e-18 -2.775558e-17 4.728431e+04 -7.062574e-03 1.028695e-03 -1.380866e-05 -2.980157e-04 -2.604584e-04 -3.704421e-05 4.56875
125.000000 400.000000 -0.052000 3.350000 -1.230938 1.218059 0.000000 81.123842 4.860226e-01 0 1 1 292.857175 5.413062e-03 7.444780e-02 4.000000e+02 1.734723e-17 -2.775558e-17 4.307314e+04 -7.062574e-03 1.028695e-03 -1.380866e-05 -2.980157e-04 -2.604584e-04 -3.704421e-05 5.34976
125.000000 400.000000 -0.052000 3.720000 -1.230938 1.218059 0.000000 81.974690 4.754906e-01 0 1 1 292.857175 5.546798e-03 8.966555e-02 4.000000e+02 -6.938894e-18 1.387779e-17 3.946965e+04 -7.062574e-03 1.028695e-03 -1.380866e-05 -2.980157e-04 -2.604584e-04 -3.704421e-05 6.20061
125.000000 400.000000 -0.052000 4.090000 -1.230938 1.218059 0.000000 82.888666 4.650474e-01 0 1 1 292.857175 5.682440e-03 1.065785e-01 4.000000e+02 -3.469447e-18 1.387779e-17 3.637329e+04 -7.062574e-03 1.028695e-03 -1.380866e-05 -2.980157e-04 -2.604584e-04 -3.704421e-05 7.11458
125.000000 400.000000 -0.052000 4.460000 -1.230938 1.218059 0.000000 83.901229 4.547516e-01 0 1 1 292.857175 5.820049e-03 1.251635e-01 4.000000e+02 -1.387779e-17 9.714451e-17 3.369606e+04 -7.062574e-03 1.028695e-03 -1.380866e-05 -2.980157e-04 -2.604584e-04 -3.704421e-05 8.12714
125.000000 400.000000 -0.052000 4.830000 -1.230938 1.218059 0.000000 84.911991 4.446401e-01 0 1 1 292.857175 5.959669e-03 1.454058e-01 4.000000e+02 1.734723e-17 -4.163336e-17 3.136522e+04 -7.062574e-03 1.028695e-03 -1.380866e-05 -2.980157e-04 -2.604584e-04 -3.704421e-05 9.13791
125.000000 400.000000 -0.052000 5.200000 -1.230938 1.218059 0.000000 85.972179 4.347364e-01 0 1 1 292.857175 6.101332e-03 1.672959e-01 4.000000e+02 8.673617e-18 -8.326673e-17 2.932185e+04 -7.062574e-03 1.028695e-03 -1.380866e-05 -2.980157e-04 -2.604584e-04 -3.704421e-05 10.1981
125.000000 400.000000 -0.052000 5.570000 -1.230938 1.218059 0.000000 87.076964 4.250551e-01 0 1 1 292.857175 6.245061e-03 1.908273e-01 4.000000e+02 -2.602085e-17 -2.775558e-17 2.751854e+04 -7.062574e-03 1.028695e-03 -1.380866e-05 -2.980157e-04 -2.604584e-04 -3.704421e-05 11.3029
125.000000 400.000000 -0.026000 2.240000 -1.226108 1.222888 0.000000 76.859546 8.752137e-01 0 1 1 292.857175 4.673955e-03 3.449403e-02 4.000000e+02 -3.469447e-18 -1.387779e-17 5.874350e+04 -7.179520e-03 2.571737e-04 -2.085233e-05 -3.113173e-04 -2.685807e-04 -3.704421e-05 1.08546
125.000000 400.000000 -0.026000 2.610000 -1.226108 1.222888 0.000000 77.044285 6.792703e-01 0 1 1 292.857175 4.734912e-03 4.424884e-02 4.000000e+02 6.938894e-18 2.081668e-17 5.285994e+04 -7.179520e-03 2.571737e-04 -2.085233e-05 -3.113173e-04 -2.685807e-04 -3.704421e-05 1.2702
125.000000 400.000000 -0.026000 2.980000 -1.226108 1.222888 0.000000 77.257186 5.589072e-01 0 1 1 292.857175 4.796034e-03 5.593204e-02 4.000000e+02 -6.938894e-18 -1.387779e-17 4.779973e+04 -7.179520e-03 2.571737e-04 -2.085233e-05 -3.113173e-04 -2.685807e-04 -3.704421e-05 1.4831
125.000000 400.000000 -0.026000 3.350000 -1.226108 1.222888 0.000000 77.524529 5.527537e-01 0 1 1 292.857175 4.857445e-03 6.941622e-02 4.000000e+02 -3.469447e-18 1.387779e-17 4.348975e+04 -7.179520e-03 2.571737e-04 -2.085233e-05 -3.113173e-04 -2.685807e-04 -3.704421e-05 1.75044
125.000000 400.000000 -0.026000 3.720000 -1.226108 1.222888 0.000000 77.780539 5.465150e-01 0 1 1 292.857175 4.919219e-03 8.463398e-02 4.000000e+02 5.204170e-18 0.000000e+00 3.981509e+04 -7.179520e-03 2.571737e-04 -2.085233e-05 -3.113173e-04 -2.685807e-04 -3.704421e-05 2.00646
125.000000 400.000000 -0.026000 4.090000 -1.226108 1.222888 0.000000 78.058789 5.402429e-01 0 1 1 292.857175 4.981405e-03 1.015469e-01 4.000000e+02 -1.561251e-17 6.938894e-18 3.666551e+04 -7.179520e-03 2.571737e-04 -2.085233e-05 -3.113173e-04 -2.685807e-04 -3.704421e-05 2.28471
125.000000 400.000000 -0.026000 4.460000 -1.226108 1.222888 0.000000 78.358215 5.339711e-01 0 1 1 292.857175 5.044033e-03 1.201319e-01 4.000000e+02 -3.469447e-18 3.469447e-17 3.394731e+04 -7.179520e-03 2.571737e-04 -2.085233e-05 -3.113173e-04 -2.685807e-04 -3.704421e-05 2.58413
125.000000 400.000000 -0.026000 4.830000 -1.226108 1.222888 0.000000 78.677911 5.277227e-01 0 1 1 292.857175 5.107126e-03 1.403742e-01 4.000000e+02 0.000000e+00 -1.387779e-17 3.158417e+04 -7.179520e-03 2.571737e-04 -2.085233e-05 -3.113173e-04 -2.685807e-04 -3.704421e-05 2.90383
125.000000 400.000000 -0.026000 5.200000 -1.226108 1.222888 0.000000 79.017062 5.215138e-01 0 1 1 292.857175 5.170701e-03 1.622644e-01 4.000000e+02 -7.806256e-18 -3.469447e-17 2.951483e+04 -7.179520e-03 2.571737e-04 -2.085233e-05 -3.113173e-04 -2.685807e-04 -3.704421e-05 3.24298
125.000000 400.000000 -0.026000 5.570000 -1.226108 1.222888 0.000000 79.374921 5.153556e-01 0 1 1 292.857175 5.234768e-03 1.857957e-01 4.000000e+02 6.938894e-18 -4.857226e-17 2.769029e+04 -7.179520e-03 2.571737e-04 -2.085233e-05 -3.113173e-04 -2.685807e-04 -3.704421e-05 3.60084
125.000000 400.000000 -0.026000 5.940000 -1.226108 1.222888 0.000000 79.750780 5.092563e-01 0 1 1 292.857175 5.299337e-03 2.109637e-01 4.000000e+02 3.469447e-18 -2.775558e-17 2.607124e+04 -7.179520e-03 2.571737e-04 -2.085233e-05 -3.113173e-04 -2.685807e-04 -3.704421e-05 3.9767
125.000000 400.000000 -0.026000 6.310000 -1.226108 1.222888 0.000000 80.143962 5.032218e-01 0 1 1 292.857175 5.364414e-03 2.377651e-01 4.000000e+02 -7.806256e-18 1.387779e-17 2.462594e+04 -7.179520e-03 2.571737e-04 -2.085233e-05 -3.113173e-04 -2.685807e-04 -3.704421e-05 4.36988
125.000000 400.000000 -0.026000 6.680000 -1.226108 1.222888 0.000000 80.554149 4.972562e-01 0 1 1 292.857175 5.430005e-03 2.661974e-01 4.000000e+02 9.540979e-18 2.775558e-17 2.332866e+04 -7.179520e-03 2.571737e-04 -2.085233e-05 -3.113173e-04 -2.685807e-04 -3.704421e-05 4.78006
125.000000 400.000000 -0.026000 7.050000 -1.226108 1.222888 0.000000 80.980450 4.913625e-01 0 1 1 292.857175 5.496113e-03 2.962590e-01 4.000000e+02 -1.647987e-17 -1.387779e-17 2.215832e+04 -7.179520e-03 2.571737e-04 -2.085233e-05 -3.113173e-04 -2.685807e-04 -3.704421e-05 5.20637
125.000000 400.000000 -0.026000 7.420000 -1.226108 1.222888 0.000000 81.422320 4.855429e-01 0 1 1 292.857175 5.562743e-03 3.279485e-01 4.000000e+02 6.071532e-18 2.775558e-17 2.109757e+04 -7.179520e-03 2.571737e-04 -2.085233e-05 -3.113173e-04 -2.685807e-04 -3.704421e-05 5.64824
125.000000 400.000000 -0.026000 7.790000 -1.226108 1.222888 0.000000 81.879144 4.797988e-01 0 1 1 292.857175 5.629895e-03 3.612647e-01 4.000000e+02 2.602085e-18 6.938894e-18 2.013200e+04 -7.179520e-03 2.571737e-04 -2.085233e-05 -3.113173e-04 -2.685807e-04 -3.704421e-05 6.10506
125.000000 400.000000 -0.026000 8.160000 -1.226108 1.222888 0.000000 82.350318 4.741310e-01 0 1 1 292.857175 5.697574e-03 3.962070e-01 4.000000e+02 0.000000e+00 4.857226e-17 1.924957e+04 -7.179520e-03 2.571737e-04 -2.085233e-05 -3.113173e-04 -2.685807e-04 -3.704421e-05 6.57623
125.000000 400.000000 -0.026000 8.530000 -1.226108 1.222888 0.000000 82.835250 4.685401e-01 0 1 1 292.857175 5.765780e-03 4.327747e-01 4.000000e+02 3.903128e-18 3.469447e-17 1.844016e+04 -7.179520e-03 2.571737e-04 -2.085233e-05 -3.113173e-04 -2.685807e-04 -3.704421e-05 7.06117
125.000000 400.000000 -0.026000 8.900000 -1.226108 1.222888 0.000000 83.384595 4.630263e-01 0 1 1 292.857175 5.834515e-03 4.709673e-01 4.000000e+02 -3.035766e-18 2.775558e-17 1.769519e+04 -7.179520e-03 2.571737e-04 -2.085233e-05 -3.113173e-04 -2.685807e-04 -3.704421e-05 7.61051
125.000000 400.000000 -0.026000 9.270000 -1.226108 1.222888 0.000000 83.887735 4.575894e-01 0 1 1 292.857175 5.903781e-03 5.107843e-01 4.000000e+02 3.035766e-18 3.469447e-17 1.700735e+04 -7.179520e-03 2.571737e-04 -2.085233e-05 -3.113173e-04 -2.685807e-04 -3.704421e-05 8.11365
125.000000 400.000000 -0.026000 9.640000 -1.226108 1.222888 0.000000 84.403535 4.522292e-01 0 1 1 292.857175 5.973578e-03 5.522255e-01 4.000000e+02 7.155734e-18 2.081668e-17 1.637041e+04 -7.179520e-03 2.571737e-04 -2.085233e-05 -3.113173e-04 -2.685807e-04 -3.704421e-05 8.62945
125.000000 400.000000 -0.026000 10.010000 -1.226108 1.222888 0.000000 84.931441 4.807512e-01 0 1 1 292.857175 6.043908e-03 5.952906e-01 4.000000e+02 -2.602085e-18 6.938894e-18 1.577896e+04 -7.179520e-03 2.571737e-04 -2.085233e-05 -3.113173e-04 -2.685807e-04 -3.704421e-05 9.15736
125.000000 400.000000 -0.026000 10.380000 -1.226108 1.222888 0.000000 85.471111 5.171717e-01 0 1 1 292.857175 6.114770e-03 6.399793e-01 4.000000e+02 3.686287e-18 1.387779e-17 1.522836e+04 -7.179520e-03 2.571737e-04 -2.085233e-05 -3.113173e-04 -2.685807e-04 -3.704421e-05 9.69703
125.000000 400.000000 -0.026000 10.750000 -1.226108 1.222888 0.000000 86.021504 5.565217e-01 0 1 1 292.857175 6.186167e-03 6.862914e-01 4.000000e+02 1.105886e-17 -6.245005e-17 1.471456e+04 -7.179520e-03 2.571737e-04 -2.085233e-05 -3.113173e-04 -2.685807e-04 -3.704421e-05 10.2474
125.000000 400.000000 -0.026000 11.120000 -1.226108 1.222888 0.000000 86.582812 5.970845e-01 0 1 1 292.857175 6.258098e-03 7.342269e-01 4.000000e+02 -3.252607e-18 -2.775558e-17 1.423401e+04 -7.179520e-03 2.571737e-04 -2.085233e-05 -3.113173e-04 -2.685807e-04 -3.704421e-05 10.8087
125.000000 400.000000 -0.026000 11.490000 -1.226108 1.222888 0.000000 87.153380 6.390016e-01 0 1 1 292.857175 6.330564e-03 7.837856e-01 4.000000e+02 0.000000e+00 -5.551115e-17 1.378361e+04 -7.179520e-03 2.571737e-04 -2.085233e-05 -3.113173e-04 -2.685807e-04 -3.704421e-05 11.3793
125.000000 400.000000 0.000000 2.240000 -1.224498 1.224498 0.000000 75.814246 9.142857e-01 0 1 1 292.857175 4.339279e-03 3.281684e-02 4.000000e+02 1.033178e-17 -1.033178e-17 5.955863e+04 -7.218503e-03 3.883777e-16 -2.320022e-05 -3.157511e-04 -2.712881e-04 -3.704421e-05 0.040162
125.000000 400.000000 0.000000 2.610000 -1.224498 1.224498 0.000000 75.814246 7.886687e-01 0 1 1 292.857175 4.339279e-03 4.257164e-02 4.000000e+02 9.273057e-18 -9.273057e-18 5.345554e+04 -7.218503e-03 3.883777e-16 -2.320022e-05 -3.157511e-04 -2.712881e-04 -3.704421e-05 0.040162
125.000000 400.000000 0.000000 2.980000 -1.224498 1.224498 0.000000 75.814246 7.886687e-01 0 1 1 292.857175 4.339279e-03 5.425485e-02 4.000000e+02 -1.674256e-17 1.674256e-17 4.825716e+04 -7.218503e-03 5.340193e-16 -2.320022e-05 -3.157511e-04 -2.712881e-04 -3.704421e-05 0.040162
125.000000 400.000000 0.000000 3.350000 -1.224498 1.224498 0.000000 75.814246 7.886687e-01 0 1 1 292.857175 4.339279e-03 6.773903e-02 4.000000e+02 0.000000e+00 0.000000e+00 4.385355e+04 -7.218503e-03 -1.941888e-16 -2.320022e-05 -3.157511e-04 -2.712881e-04 -3.704421e-05 0.040162
125.000000 400.000000 0.000000 3.720000 -1.224498 1.224498 0.000000 75.814246 7.886687e-01 0 1 1 292.857175 4.339279e-03 8.295678e-02 4.000000e+02 -6.958347e-18 6.958347e-18 4.011214e+04 -7.218503e-03 3.883777e-16 -2.320022e-05 -3.157511e-04 -2.712881e-04 -3.704421e-05 0.040162
125.000000 400.000000 0.000000 4.090000 -1.224498 1.224498 0.000000 75.814246 7.886687e-01 0 1 1 292.857175 4.339279e-03 9.986972e-02 4.000000e+02 1.280682e-17 -1.280682e-17 3.691315e+04 -7.218503e-03 7.282082e-17 -2.320022e-05 -3.157511e-04 -2.712881e-04 -3.704421e-05 0.040162
125.000000 400.000000 0.000000 4.460000 -1.224498 1.224498 0.000000 75.814246 7.886687e-01 0 1 1 292.857175 4.339279e-03 1.184547e-01 4.000000e+02 -5.925342e-18 5.925342e-18 3.415727e+04 -7.218503e-03 7.282082e-17 -2.320022e-05 -3.157511e-04 -2.712881e-04 -3.704421e-05 0.040162
125.000000 400.000000 0.000000 4.830000 -1.224498 1.224498 0.000000 75.814246 7.886687e-01 0 1 1 292.857175 4.339279e-03 1.386971e-01 4.000000e+02 -5.510296e-18 5.510296e-18 3.176469e+04 -7.218503e-03 -1.941888e-16 -2.320022e-05 -3.157511e-04 -2.712881e-04 -3.704421e-05 0.040162
125.000000 400.000000 0.000000 5.200000 -1.224498 1.224498 0.000000 75.814246 7.886687e-01 0 1 1 292.857175 4.339279e-03 1.605872e-01 4.000000e+02 0.000000e+00 0.000000e+00 2.967190e+04 -7.218503e-03 7.282082e-17 -2.320022e-05 -3.157511e-04 -2.712881e-04 -3.704421e-05 0.040162
125.000000 400.000000 0.000000 5.570000 -1.224498 1.224498 0.000000 75.814246 7.886687e-01 0 1 1 292.857175 4.339279e-03 1.841185e-01 4.000000e+02 4.827449e-18 -4.827449e-18 2.782835e+04 -7.218503e-03 3.883777e-16 -2.320022e-05 -3.157511e-04 -2.712881e-04 -3.704421e-05 0.040162
125.000000 400.000000 0.000000 5.940000 -1.224498 1.224498 0.000000 75.814246 7.886687e-01 0 1 1 292.857175 4.339279e-03 2.092865e-01 4.000000e+02 0.000000e+00 0.000000e+00 2.619365e+04 -7.218503e-03 -5.825665e-16 -2.320022e-05 -3.157511e-04 -2.712881e-04 -3.704421e-05 0.040162
125.000000 400.000000 0.000000 6.310000 -1.224498 1.224498 0.000000 75.814246 7.886687e-01 0 1 1 292.857175 4.339279e-03 2.360879e-01 4.000000e+02 0.000000e+00 0.000000e+00 2.473534e+04 -7.218503e-03 1.456416e-16 -2.320022e-05 -3.157511e-04 -2.712881e-04 -3.704421e-05 0.040162
125.000000 400.000000 0.000000 6.680000 -1.224498 1.224498 0.000000 75.814246 7.886687e-01 0 1 1 292.857175 4.339279e-03 2.645202e-01 4.000000e+02 0.000000e+00 0.000000e+00 2.342709e+04 -7.218503e-03 7.282082e-17 -2.320022e-05 -3.157511e-04 -2.712881e-04 -3.704421e-05 0.040162
125.000000 400.000000 0.000000 7.050000 -1.224498 1.224498 0.000000 75.814246 7.886687e-01 0 1 1 292.857175 4.339279e-03 2.945818e-01 4.000000e+02 -3.859313e-18 3.859313e-18 2.224742e+04 -7.218503e-03 5.340193e-16 -2.320022e-05 -3.157511e-04 -2.712881e-04 -3.704421e-05 0.040162
125.000000 400.000000 0.000000 7.420000 -1.224498 1.224498 0.000000 75.814246 7.886687e-01 0 1 1 292.857175 4.339279e-03 3.262713e-01 4.000000e+02 -3.673914e-18 3.673914e-18 2.117867e+04 -7.218503e-03 7.282082e-17 -2.320022e-05 -3.157511e-04 -2.712881e-04 -3.704421e-05 0.040162
125.000000 400.000000 0.000000 7.790000 -1.224498 1.224498 0.000000 75.814246 7.886687e-01 0 1 1 292.857175 4.339279e-03 3.595875e-01 4.000000e+02 -3.505213e-18 3.505213e-18 2.020618e+04 -7.218503e-03 0.000000e+00 -2.320022e-05 -3.157511e-04 -2.712881e-04 -3.704421e-05 0.040162
125.000000 400.000000 0.000000 8.160000 -1.224498 1.224498 0.000000 75.814246 7.886687e-01 0 1 1 292.857175 4.339279e-03 3.945298e-01 4.000000e+02 0.000000e+00 0.000000e+00 1.931772e+04 -7.218503e-03 3.883777e-16 -2.320022e-05 -3.157511e-04 -2.712881e-04 -3.704421e-05 0.040162
125.000000 400.000000 0.000000 8.530000 -1.224498 1.224498 0.000000 75.814246 7.886687e-01 0 1 1 292.857175 4.339279e-03 4.310975e-01 4.000000e+02 0.000000e+00 0.000000e+00 1.850303e+04 -7.218503e-03 -4.854721e-17 -2.320022e-05 -3.157511e-04 -2.712881e-04 -3.704421e-05 0.040162
125.000000 400.000000 0.000000 8.900000 -1.224498 1.224498 0.000000 75.814246 7.886687e-01 0 1 1 292.857175 4.339279e-03 4.692901e-01 4.000000e+02 6.159447e-18 -6.159447e-18 1.775340e+04 -7.218503e-03 6.553874e-16 -2.320022e-05 -3.157511e-04 -2.712881e-04 -3.704421e-05 0.040162
125.000000 400.000000 0.000000 9.270000 -1.224498 1.224498 0.000000 75.814246 7.886687e-01 0 1 1 292.857175 4.339279e-03 5.091071e-01 4.000000e+02 5.919374e-18 -5.919374e-18 1.706143e+04 -7.218503e-03 1.456416e-16 -2.320022e-05 -3.157511e-04 -2.712881e-04 -3.704421e-05 0.040162
125.000000 400.000000 0.000000 9.640000 -1.224498 1.224498 0.000000 75.814246 7.886687e-01 0 1 1 292.857175 4.339279e-03 5.505483e-01 4.000000e+02 0.000000e+00 0.000000e+00 1.642081e+04 -7.218503e-03 -4.854721e-17 -2.320022e-05 -3.157511e-04 -2.712881e-04 -3.704421e-05 0.040162
125.000000 400.000000 0.000000 10.010000 -1.224498 1.224498 0.000000 75.814246 7.886687e-01 0 1 1 292.857175 4.339279e-03 5.936134e-01 4.000000e+02 5.490771e-18 -5.490771e-18 1.582607e+04 -7.218503e-03 2.670097e-16 -2.320022e-05 -3.157511e-04 -2.712881e-04 -3.704421e-05 0.040162
125.000000 400.000000 0.000000 10.380000 -1.224498 1.224498 0.000000 75.814246 7.886687e-01 0 1 1 292.857175 4.339279e-03 6.383021e-01 4.000000e+02 0.000000e+00 0.000000e+00 1.527251e+04 -7.218503e-03 4.611985e-16 -2.320022e-05 -3.157511e-04 -2.712881e-04 -3.704421e-05 0.040162
125.000000 400.000000 0.000000 10.750000 -1.224498 1.224498 0.000000 75.814246 7.886687e-01 0 1 1 292.857175 4.339279e-03 6.846143e-01 4.000000e+02 0.000000e+00 0.000000e+00 1.475603e+04 -7.218503e-03 1.941888e-16 -2.320022e-05 -3.157511e-04 -2.712881e-04 -3.704421e-05 0.040162
125.000000 400.000000 0.000000 11.120000 -1.224498 1.224498 0.000000 75.814246 7.886687e-01 0 1 1 292.857175 4.339279e-03 7.325497e-01 4.000000e+02 0.000000e+00 0.000000e+00 1.427306e+04 -7.218503e-03 -5.825665e-16 -2.320022e-05 -3.157511e-04 -2.712881e-04 -3.704421e-05 0.040162
125.000000 400.000000 0.000000 11.490000 -1.224498 1.224498 0.000000 75.814246 7.886687e-01 0 1 1 292.857175 4.339279e-03 7.821084e-01 4.000000e+02 0.000000e+00 0.000000e+00 1.382047e+04 -7.218503e-03 5.340193e-16 -2.320022e-05 -3.157511e-04 -2.712881e-04 -3.704421e-05 0.040162
125.000000 400.000000 0.000000 11.860000 -1.224498 1.224498 0.000000 75.814246 7.886687e-01 0 1 1 292.857175 4.339279e-03 8.332901e-01 4.000000e+02 0.000000e+00 0.000000e+00 1.339549e+04 -7.218503e-03 4.611985e-16 -2.320022e-05 -3.157511e-04 -2.712881e-04 -3.704421e-05 0.040162
125.000000 400.000000 0.000000 12.230000 -1.224498 1.224498 0.000000 75.814246 7.886687e-01 0 1 1 292.857175 4.339279e-03 8.860948e-01 4.000000e+02 4.508789e-18 -4.508789e-18 1.299570e+04 -7.218503e-03 0.000000e+00 -2.320022e-05 -3.157511e-04 -2.712881e-04 -3.704421e-05 0.040162
125.000000 400.000000 0.000000 12.600000 -1.224498 1.224498 0.000000 75.814246 7.886687e-01 0 1 1 292.857175 4.339279e-03 9.405225e-01 4.000000e+02 0.000000e+00 0.000000e+00 1.261893e+04 -7.218503e-03 0.000000e+00 -2.320022e-05 -3.157511e-04 -2.712881e-04 -3.704421e-05 0.040162
125.000000 400.000000 0.000000 12.970000 -1.224498 1.224498 0.000000 75.814246 8.258065e-01 0 1 1 292.857175 4.339279e-03 9.965729e-01 4.000000e+02 0.000000e+00 0.000000e+00 1.226326e+04 -7.218503e-03 7.282082e-17 -2.320022e-05 -3.157511e-04 -2.712881e-04 -3.704421e-05 0.040162
125.000000 400.000000 0.000000 13.340000 -1.224498 1.224498 0.000000 75.814246 8.752137e-01 0 1 1 292.857175 4.339279e-03 1.054246e+00 4.000000e+02 4.138003e-18 -4.138003e-18 1.192698e+04 -7.218503e-03 0.000000e+00 -2.320022e-05 -3.157511e-04 -2.712881e-04 -3.704421e-05 0.040162
125.000000 400.000000 0.000000 13.710000 -1.224498 1.224498 0.000000 75.814246 9.266968e-01 0 1 1 292.857175 4.339279e-03 1.113542e+00 4.000000e+02 4.027526e-18 -4.027526e-18 1.160855e+04 -7.218503e-03 3.883777e-16 -2.320022e-05 -3.157511e-04 -2.712881e-04 -3.704421e-05 0.040162
125.000000 400.000000 0.000000 14.080000 -1.224498 1.224498 0.000000 75.814246 9.799043e-01 0 1 1 292.857175 4.339279e-03 1.174461e+00 4.000000e+02 -3.922766e-18 3.922766e-18 1.130660e+04 -7.218503e-03 2.670097e-16 -2.320022e-05 -3.157511e-04 -2.712881e-04 -3.704421e-05 0.040162
125.000000 400.000000 0.026000 2.240000 -1.226108 1.222888 0.000000 75.970332 8.752137e-01 0 1 1 292.857175 4.018673e-03 3.449403e-02 4.000000e+02 2.428613e-17 2.428613e-17 6.030110e+04 -7.179520e-03 2.571737e-04 -2.085233e-05 -3.113173e-04 -2.685807e-04 -3.704421e-05 0.196248
125.000000 400.000000 0.026000 2.610000 -1.226108 1.222888 0.000000 76.101740 7.009681e-01 0 1 1 292.857175 3.964757e-03 4.424884e-02 4.000000e+02 4.857226e-17 -5.551115e-17 5.398592e+04 -7.179520e-03 2.571737e-04 -2.085233e-05 -3.113173e-04 -2.685807e-04 -3.704421e-05 0.327656
125.000000 400.000000 0.026000 2.980000 -1.226108 1.222888 0.000000 76.257695 7.088675e-01 0 1 1 292.857175 3.911768e-03 5.593204e-02 4.000000e+02 2.428613e-17 0.000000e+00 4.865570e+04 -7.179520e-03 2.571737e-04 -2.085233e-05 -3.113173e-04 -2.685807e-04 -3.704421e-05 0.483611
125.000000 400.000000 0.026000 3.350000 -1.226108 1.222888 0.000000 76.441118 7.171930e-01 0 1 1 292.857175 3.859576e-03 6.941622e-02 4.000000e+02 -1.387779e-17 2.775558e-17 4.416385e+04 -7.179520e-03 2.571737e-04 -2.085233e-05 -3.113173e-04 -2.685807e-04 -3.704421e-05 0.667034
125.000000 400.000000 0.026000 3.720000 -1.226108 1.222888 0.000000 76.652474 7.258609e-01 0 1 1 292.857175 3.808105e-03 8.463398e-02 4.000000e+02 5.204170e-18 -6.938894e-18 4.036026e+04 -7.179520e-03 2.571737e-04 -2.085233e-05 -3.113173e-04 -2.685807e-04 -3.704421e-05 0.87839
125.000000 400.000000 0.026000 4.090000 -1.226108 1.222888 0.000000 76.892547 7.348188e-01 0 1 1 292.857175 3.757305e-03 1.015469e-01 4.000000e+02 6.938894e-18 6.938894e-18 3.711576e+04 -7.179520e-03 2.571737e-04 -2.085233e-05 -3.113173e-04 -2.685807e-04 -3.704421e-05 1.11846
125.000000 400.000000 0.026000 4.460000 -1.226108 1.222888 0.000000 77.161979 7.440319e-01 0 1 1 292.857175 3.707144e-03 1.201319e-01 4.000000e+02 -1.561251e-17 -6.938894e-18 3.432556e+04 -7.179520e-03 2.571737e-04 -2.085233e-05 -3.113173e-04 -2.685807e-04 -3.704421e-05 1.3879
125.000000 400.000000 0.026000 4.830000 -1.226108 1.222888 0.000000 77.461313 7.534767e-01 0 1 1 292.857175 3.657598e-03 1.403742e-01 4.000000e+02 -2.255141e-17 4.163336e-17 3.190646e+04 -7.179520e-03 2.571737e-04 -2.085233e-05 -3.113173e-04 -2.685807e-04 -3.704421e-05 1.68723
125.000000 400.000000 0.026000 5.200000 -1.226108 1.222888 0.000000 77.791013 7.631367e-01 0 1 1 292.857175 3.608652e-03 1.622644e-01 4.000000e+02 1.040834e-17 3.469447e-17 2.979276e+04 -7.179520e-03 2.571737e-04 -2.085233e-05 -3.113173e-04 -2.685807e-04 -3.704421e-05 2.01693
125.000000 400.000000 0.026000 5.570000 -1.226108 1.222888 0.000000 78.165297 7.730002e-01 0 1 1 292.857175 3.560293e-03 1.857957e-01 4.000000e+02 0.000000e+00 4.857226e-17 2.793245e+04 -7.179520e-03 2.571737e-04 -2.085233e-05 -3.113173e-04 -2.685807e-04 -3.704421e-05 2.39121
125.000000 400.000000 0.026000 5.940000 -1.226108 1.222888 0.000000 78.555685 7.830586e-01 0 1 1 292.857175 3.512513e-03 2.109637e-01 4.000000e+02 -1.474515e-17 5.551115e-17 2.628411e+04 -7.179520e-03 2.571737e-04 -2.085233e-05 -3.113173e-04 -2.685807e-04 -3.704421e-05 2.7816
125.000000 400.000000 0.026000 6.310000 -1.226108 1.222888 0.000000 78.968416 7.933056e-01 0 1 1 292.857175 3.465304e-03 2.377651e-01 4.000000e+02 2.081668e-17 -2.775558e-17 2.481455e+04 -7.179520e-03 2.571737e-04 -2.085233e-05 -3.113173e-04 -2.685807e-04 -3.704421e-05 3.19433
125.000000 400.000000 0.026000 6.680000 -1.226108 1.222888 0.000000 79.422566 8.037367e-01 0 1 1 292.857175 3.418662e-03 2.661974e-01 4.000000e+02 -1.387779e-17 -3.469447e-17 2.349693e+04 -7.179520e-03 2.571737e-04 -2.085233e-05 -3.113173e-04 -2.685807e-04 -3.704421e-05 3.64848
125.000000 400.000000 0.026000 7.050000 -1.226108 1.222888 0.000000 79.908155 8.143482e-01 0 1 1 292.857175 3.372582e-03 2.962590e-01 4.000000e+02 8.673617e-18 4.163336e-17 2.230938e+04 -7.179520e-03 2.571737e-04 -2.085233e-05 -3.113173e-04 -2.685807e-04 -3.704421e-05 4.13407
125.000000 400.000000 0.026000 7.420000 -1.226108 1.222888 0.000000 80.426786 8.251375e-01 0 1 1 292.857175 3.327061e-03 3.279485e-01 4.000000e+02 8.673617e-18 -3.469447e-17 2.123393e+04 -7.179520e-03 2.571737e-04 -2.085233e-05 -3.113173e-04 -2.685807e-04 -3.704421e-05 4.6527
125.000000 400.000000 0.026000 7.790000 -1.226108 1.222888 0.000000 80.977250 8.361027e-01 0 1 1 292.857175 3.282096e-03 3.612647e-01 4.000000e+02 8.673617e-19 -1.387779e-17 2.025571e+04 -7.179520e-03 2.571737e-04 -2.085233e-05 -3.113173e-04 -2.685807e-04 -3.704421e-05 5.20317
125.000000 400.000000 0.026000 8.160000 -1.226108 1.222888 0.000000 81.559657 8.472420e-01 0 1 1 292.857175 3.237685e-03 3.962070e-01 4.000000e+02 1.691355e-17 -6.245005e-17 1.936231e+04 -7.179520e-03 2.571737e-04 -2.085233e-05 -3.113173e-04 -2.685807e-04 -3.704421e-05 5.78557
125.000000 400.000000 0.026000 8.530000 -1.226108 1.222888 0.000000 82.174084 8.585543e-01 0 1 1 292.857175 3.193825e-03 4.327747e-01 4.000000e+02 2.168404e-17 -5.551115e-17 1.854332e+04 -7.179520e-03 2.571737e-04 -2.085233e-05 -3.113173e-04 -2.685807e-04 -3.704421e-05 6.4
125.000000 400.000000 0.026000 8.900000 -1.226108 1.222888 0.000000 82.745221 8.700384e-01 0 1 1 292.857175 3.150517e-03 4.709673e-01 4.000000e+02 3.382711e-17 -4.857226e-17 1.778995e+04 -7.179520e-03 2.571737e-04 -2.085233e-05 -3.113173e-04 -2.685807e-04 -3.704421e-05 6.97114
125.000000 400.000000 0.026000 9.270000 -1.226108 1.222888 0.000000 83.425975 8.816936e-01 0 1 1 292.857175 3.107758e-03 5.107843e-01 4.000000e+02 -3.035766e-18 -2.081668e-17 1.709470e+04 -7.179520e-03 2.571737e-04 -2.085233e-05 -3.113173e-04 -2.685807e-04 -3.704421e-05 7.65189
125.000000 400.000000 0.026000 9.640000 -1.226108 1.222888 0.000000 84.138718 8.935189e-01 0 1 1 292.857175 3.065546e-03 5.522255e-01 4.000000e+02 -1.864828e-17 -6.938894e-18 1.645118e+04 -7.179520e-03 2.571737e-04 -2.085233e-05 -3.113173e-04 -2.685807e-04 -3.704421e-05 8.36463
125.000000 400.000000 0.026000 10.010000 -1.226108 1.222888 0.000000 84.883387 9.055137e-01 0 1 1 292.857175 3.023882e-03 5.952906e-01 4.000000e+02 2.602085e-18 0.000000e+00 1.585387e+04 -7.179520e-03 2.571737e-04 -2.085233e-05 -3.113173e-04 -2.685807e-04 -3.704421e-05 9.1093
125.000000 400.000000 0.026000 10.380000 -1.226108 1.222888 0.000000 85.659883 9.176771e-01 0 1 1 292.857175 2.982765e-03 6.399793e-01 4.000000e+02 -9.107298e-18 -1.387779e-17 1.529803e+04 -7.179520e-03 2.571737e-04 -2.085233e-05 -3.113173e-04 -2.685807e-04 -3.704421e-05 9.8858
125.000000 400.000000 0.026000 10.750000 -1.226108 1.222888 0.000000 86.468070 9.300083e-01 0 1 1 292.857175 2.942193e-03 6.862914e-01 4.000000e+02 -2.125036e-17 6.938894e-17 1.477951e+04 -7.179520e-03 2.571737e-04 -2.085233e-05 -3.113173e-04 -2.685807e-04 -3.704421e-05 10.694
125.000000 400.000000 0.026000 11.120000 -1.226108 1.222888 0.000000 87.305193 9.425066e-01 0 1 1 292.857175 2.902166e-03 7.342269e-01 4.000000e+02 2.298509e-17 1.387779e-17 1.429470e+04 -7.179520e-03 2.571737e-04 -2.085233e-05 -3.113173e-04 -2.685807e-04 -3.704421e-05 11.5311
125.000000 400.000000 0.052000 1.870000 -1.230938 1.218059 0.000000 76.839796 9.309091e-01 0 1 1 292.857175 3.816893e-03 3.196431e-02 4.000000e+02 -6.938894e-18 -8.673617e-18 6.870733e+04 -7.062574e-03 1.028695e-03 -1.380866e-05 -2.980157e-04 -2.604584e-04 -3.704421e-05 1.06571
125.000000 400.000000 0.052000 2.240000 -1.230938 1.218059 0.000000 77.359215 7.641791e-01 0 1 1 292.857175 3.712802e-03 3.952561e-02 4.000000e+02 -2.081668e-17 4.857226e-17 6.096932e+04 -7.062574e-03 1.028695e-03 -1.380866e-05 -2.980157e-04 -2.604584e-04 -3.704421e-05 1.58513
125.000000 400.000000 0.052000 2.610000 -1.230938 1.218059 0.000000 77.996585 7.803762e-01 0 1 1 292.857175 3.612129e-03 4.928041e-02 4.000000e+02 0.000000e+00 -4.163336e-17 5.444994e+04 -7.062574e-03 1.028695e-03 -1.380866e-05 -2.980157e-04 -2.604584e-04 -3.704421e-05 2.2225
125.000000 400.000000 0.052000 2.980000 -1.230938 1.218059 0.000000 78.758699 7.983872e-01 0 1 1 292.857175 3.514399e-03 6.096361e-02 4.000000e+02 -5.551115e-17 9.714451e-17 4.899451e+04 -7.062574e-03 1.028695e-03 -1.380866e-05 -2.980157e-04 -2.604584e-04 -3.704421e-05 2.98461
125.000000 400.000000 0.052000 3.350000 -1.230938 1.218059 0.000000 79.639457 8.175837e-01 0 1 1 292.857175 3.419351e-03 7.444780e-02 4.000000e+02 1.734723e-17 -2.775558e-17 4.441996e+04 -7.062574e-03 1.028695e-03 -1.380866e-05 -2.980157e-04 -2.604584e-04 -3.704421e-05 3.86537
125.000000 400.000000 0.052000 3.720000 -1.230938 1.218059 0.000000 80.646197 8.378037e-01 0 1 1 292.857175 3.326826e-03 8.966555e-02 4.000000e+02 1.387779e-17 -1.387779e-17 4.055889e+04 -7.062574e-03 1.028695e-03 -1.380866e-05 -2.980157e-04 -2.604584e-04 -3.704421e-05 4.87211
125.000000 400.000000 0.052000 4.090000 -1.230938 1.218059 0.000000 81.780267 8.589458e-01 0 1 1 292.857175 3.236727e-03 1.065785e-01 4.000000e+02 -1.040834e-17 0.000000e+00 3.727288e+04 -7.062574e-03 1.028695e-03 -1.380866e-05 -2.980157e-04 -2.604584e-04 -3.704421e-05 6.00618
125.000000 400.000000 0.052000 4.460000 -1.230938 1.218059 0.000000 82.964771 8.809438e-01 0 1 1 292.857175 3.148985e-03 1.251635e-01 4.000000e+02 6.938894e-18 -6.938894e-17 3.445179e+04 -7.062574e-03 1.028695e-03 -1.380866e-05 -2.980157e-04 -2.604584e-04 -3.704421e-05 7.19069
125.000000 400.000000 0.052000 4.830000 -1.230938 1.218059 0.000000 84.356941 9.037515e-01 0 1 1 292.857175 3.063556e-03 1.454058e-01 4.000000e+02 2.081668e-17 4.163336e-17 3.200915e+04 -7.062574e-03 1.028695e-03 -1.380866e-05 -2.980157e-04 -2.604584e-04 -3.704421e-05 8.58286
125.000000 400.000000 0.052000 5.200000 -1.230938 1.218059 0.000000 85.875707 9.273356e-01 0 1 1 292.857175 2.980406e-03 1.672959e-01 4.000000e+02 1.734723e-18 8.326673e-17 2.987715e+04 -7.062574e-03 1.028695e-03 -1.380866e-05 -2.980157e-04 -2.604584e-04 -3.704421e-05 10.1016
125.000000 400.000000 0.052000 5.570000 -1.230938 1.218059 0.000000 87.517659 9.516695e-01 0 1 1 292.857175 2.899511e-03 1.908273e-01 4.000000e+02 -3.469447e-18 6.938894e-17 2.800235e+04 -7.062574e-03 1.028695e-03 -1.380866e-05 -2.980157e-04 -2.604584e-04 -3.704421e-05 11.7436
125.000000 400.000000 0.078000 1.500000 -1.238987 1.210009 0.000000 77.796630 8.393443e-01 0 1 1 292.857174 3.724437e-03 3.561174e-02 4.000000e+02 -1.387779e-17 -1.040834e-17 7.965875e+04 -6.867663e-03 2.314564e-03 -2.069215e-06 -2.758464e-04 -2.469212e-04 -3.704421e-05 2.02255
125.000000 400.000000 0.078000 1.870000 -1.238987 1.210009 0.000000 78.757587 8.159237e-01 0 1 1 292.857174 3.569266e-03 4.035027e-02 4.000000e+02 5.551115e-17 -6.591949e-17 6.966593e+04 -6.867663e-03 2.314564e-03 -2.069215e-06 -2.758464e-04 -2.469212e-04 -3.704421e-05 2.9835
125.000000 400.000000 0.078000 2.240000 -1.238987 1.210009 0.000000 80.029735 8.402935e-01 0 1 1 292.857174 3.422335e-03 4.791157e-02 4.000000e+02 6.938894e-17 -3.469447e-17 6.156172e+04 -6.867663e-03 2.314564e-03 -2.069215e-06 -2.758464e-04 -2.469212e-04 -3.704421e-05 4.25565
125.000000 400.000000 0.078000 2.610000 -1.238987 1.210009 0.000000 81.574449 8.681344e-01 0 1 1 292.857174 3.282179e-03 5.766637e-02 4.000000e+02 4.857226e-17 -1.249001e-16 5.484646e+04 -6.867663e-03 2.314564e-03 -2.069215e-06 -2.758464e-04 -2.469212e-04 -3.704421e-05 5.80036
125.000000 400.000000 0.078000 2.980000 -1.238987 1.210009 0.000000 83.327700 8.986944e-01 0 1 1 292.857174 3.148074e-03 6.934957e-02 4.000000e+02 -6.245005e-17 9.714451e-17 4.927271e+04 -6.867663e-03 2.314564e-03 -2.069215e-06 -2.758464e-04 -2.469212e-04 -3.704421e-05 7.55362
125.000000 400.000000 0.078000 3.350000 -1.238987 1.210009 0.000000 85.449838 9.315580e-01 0 1 1 292.857174 3.019618e-03 8.283376e-02 4.000000e+02 -2.081668e-17 1.387779e-17 4.462120e+04 -6.867663e-03 2.314564e-03 -2.069215e-06 -2.758464e-04 -2.469212e-04 -3.704421e-05 9.67575
125.000000 400.000000 0.104000 1.500000 -1.250256 1.198740 0.000000 79.814704 8.587593e-01 0 1 1 292.857174 3.528124e-03 4.735208e-02 4.000000e+02 -2.775558e-17 -3.469447e-17 8.139634e+04 -6.594788e-03 4.114780e-03 1.436601e-05 -2.448093e-04 -2.279692e-04 -3.704421e-05 4.04062
125.000000 400.000000 0.104000 1.870000 -1.250256 1.198740 0.000000 81.616041 8.873418e-01 0 1 1 292.857174 3.331420e-03 5.209061e-02 4.000000e+02 2.775558e-17 -5.898060e-17 7.053622e+04 -6.594788e-03 4.114780e-03 1.436601e-05 -2.448093e-04 -2.279692e-04 -3.704421e-05 5.84196
125.000000 400.000000 0.104000 2.240000 -1.250256 1.198740 0.000000 83.862232 9.233065e-01 0 1 1 292.857174 3.147944e-03 5.965191e-02 4.000000e+02 -1.387779e-17 6.938894e-17 6.207670e+04 -6.594788e-03 4.114780e-03 1.436601e-05 -2.448093e-04 -2.279692e-04 -3.704421e-05 8.08815
125.000000 400.000000 0.104000 2.610000 -1.250256 1.198740 0.000000 86.708450 9.646041e-01 0 1 1 292.857174 2.975698e-03 6.940671e-02 4.000000e+02 4.163336e-17 -1.387779e-16 5.517432e+04 -6.594788e-03 4.114780e-03 1.436601e-05 -2.448093e-04 -2.279692e-04 -3.704421e-05 10.9344
125.000000 400.000000 0.130000 1.500000 -1.264745 1.184252 0.000000 82.458591 9.243019e-01 0 1 1 292.857174 3.336851e-03 6.244680e-02 4.000000e+02 -5.551115e-17 -3.469447e-17 8.302682e+04 -6.243949e-03 6.429344e-03 3.549702e-05 -2.049045e-04 -2.036023e-04 -3.704421e-05 6.68451
125.000000 400.000000 0.130000 1.870000 -1.264745 1.184252 0.000000 85.242552 9.635833e-01 0 1 1 292.857174 3.103913e-03 6.718534e-02 4.000000e+02 2.775558e-17 -1.144917e-16 7.131576e+04 -6.243949e-03 6.429344e-03 3.549702e-05 -2.049045e-04 -2.036023e-04 -3.704421e-05 9.46847
125.000000 400.000000 0.156000 1.500000 -1.282453 1.166543 0.000000 85.583930 9.931592e-01 0 1 1 292.857173 3.151061e-03 8.089591e-02 4.000000e+02 -2.775558e-17 -4.163336e-17 8.454582e+04 -5.815145e-03 9.258255e-03 6.132380e-05 -1.561320e-04 -1.738205e-04 -3.704421e-05 9.80985
125.000000 400.000000 0.468000 3.720000 -1.746095 0.702901 0.000000 79.982813 8.954048e-01 1 1 1 292.857161 3.399435e-03 6.263668e-01 4.000000e+02 -1.942890e-16 -1.110223e-16 3.652213e+04 5.411716e-03 8.332430e-02 7.375161e-04 1.120821e-03 6.059202e-04 -3.704421e-05 4.20873
125.000000 400.000000 0.494000 3.350000 -1.805660 0.643336 0.000000 81.525577 8.854217e-01 1 1 1 292.857160 3.037161e-03 6.732051e-01 4.000000e+02 0.000000e+00 0.000000e+00 3.976664e+04 6.854056e-03 9.283973e-02 8.243880e-04 1.284874e-03 7.060952e-04 -3.704421e-05 5.75149
125.000000 400.000000 0.520000 2.980000 -1.868445 0.580552 0.000000 85.121741 9.425771e-01 1 1 1 292.857158 2.632785e-03 7.251313e-01 4.000000e+02 -1.110223e-16 4.440892e-16 4.379659e+04 8.374360e-03 1.028695e-01 9.159558e-04 1.457794e-03 8.116851e-04 -3.704421e-05 9.34766
125.000000 400.000000 0.520000 3.350000 -1.868445 0.580552 0.000000 81.113974 3.698320e-01 1 1 1 292.857158 3.505978e-03 7.386155e-01 4.000000e+02 5.551115e-17 1.110223e-16 3.891339e+04 8.374360e-03 1.028695e-01 9.159558e-04 1.457794e-03 8.116851e-04 -3.704421e-05 5.33989
125.000000 400.000000 0.546000 2.980000 -1.934449 0.514547 0.000000 82.144363 3.250460e-01 1 1 1 292.857156 3.006705e-03 7.938962e-01 4.000000e+02 -2.220446e-16 6.661338e-16 4.280812e+04 9.972628e-03 1.134136e-01 1.012219e-03 1.639583e-03 9.226899e-04 -3.704421e-05 6.37028
125.000000 400.000000 0.572000 2.610000 -2.003674 0.445323 0.000000 86.300317 8.435260e-01 1 1 1 292.857154 2.497335e-03 8.543321e-01 4.000000e+02 2.775558e-16 -6.106227e-16 4.783660e+04 1.164886e-02 1.244721e-01 1.113179e-03 1.830239e-03 1.039109e-03 -3.704422e-05 10.5262
125.000000 400.000000 0.572000 2.980000 -2.003674 0.445323 0.000000 83.200272 3.673562e-01 1 1 1 292.857154 3.435559e-03 8.660153e-01 4.000000e+02 -2.220446e-16 6.661338e-16 4.173592e+04 1.164886e-02 1.244721e-01 1.113179e-03 1.830239e-03 1.039109e-03 -3.704422e-05 7.42619
125.000000 400.000000 0.598000 2.610000 -2.076118 0.372879 0.000000 83.970585 2.926714e-01 1 1 1 292.857153 2.822618e-03 9.298057e-01 4.000000e+02 1.665335e-16 -4.996004e-16 4.658826e+04 1.340306e-02 1.360449e-01 1.218834e-03 2.029763e-03 1.160944e-03 -3.704422e-05 8.1965
125.000000 400.000000 0.624000 2.610000 -2.151781 0.297215 0.000000 85.658382 4.468616e-01 1 1 1 292.857151 3.195619e-03 1.008634e+00 4.000000e+02 5.551115e-17 -6.106227e-16 4.523582e+04 1.523522e-02 1.481321e-01 1.329185e-03 2.238154e-03 1.288193e-03 -3.704422e-05 9.8843
125.000000 400.000000 0.650000 2.240000 -2.230665 0.218332 0.000000 87.139264 6.210876e-01 1 1 1 292.857149 2.509920e-03 1.081061e+00 4.000000e+02 5.551115e-17 2.220446e-16 5.165336e+04 1.714534e-02 1.607336e-01 1.444231e-03 2.455414e-03 1.420858e-03 -3.704422e-05 11.3652
