mh mH cba tb Z4 Z5 Z7 chisq tot_hbobs stb uni per mA Gamma_h Gamma_A mHc l6 l7 m12_2 S T U V W X  chisqdiff
125.000000 400.000000 -0.104000 1.500000 -0.884169 0.832653 0.000000 83.433241 7.410432e-01 0 1 1 328.571448 5.203500e-03 1.008281e-01 4.000000e+02 0.000000e+00 4.163336e-17 6.485453e+04 -4.195526e-03 2.302463e-03 -1.633437e-05 -2.205391e-04 -2.139588e-04 -3.704421e-05 7.65916
125.000000 400.000000 -0.104000 1.870000 -0.884169 0.832653 0.000000 84.623498 5.475936e-01 0 1 1 328.571448 5.477226e-03 9.698549e-02 4.000000e+02 0.000000e+00 5.898060e-17 6.123451e+04 -4.195526e-03 2.302463e-03 -1.633437e-05 -2.205391e-04 -2.139588e-04 -3.704421e-05 8.84941
125.000000 400.000000 -0.104000 2.240000 -0.884169 0.832653 0.000000 86.249687 5.237852e-01 0 1 1 328.571448 5.755740e-03 1.003560e-01 4.000000e+02 1.387779e-17 -6.938894e-17 5.587801e+04 -4.195526e-03 2.302463e-03 -1.633437e-05 -2.205391e-04 -2.139588e-04 -3.704421e-05 10.4756
125.000000 400.000000 -0.078000 1.500000 -0.872900 0.843922 0.000000 80.403784 9.619882e-01 0 1 1 328.571448 4.983970e-03 7.767037e-02 4.000000e+02 1.387779e-17 3.122502e-17 6.722275e+04 -4.480266e-03 1.295136e-03 -2.090454e-05 -2.520080e-04 -2.329109e-04 -3.704421e-05 4.6297
125.000000 400.000000 -0.078000 1.870000 -0.872900 0.843922 0.000000 81.153712 7.173380e-01 0 1 1 328.571448 5.182466e-03 7.382775e-02 4.000000e+02 0.000000e+00 1.734723e-17 6.267298e+04 -4.480266e-03 1.295136e-03 -2.090454e-05 -2.520080e-04 -2.329109e-04 -3.704421e-05 5.37963
125.000000 400.000000 -0.078000 2.240000 -0.872900 0.843922 0.000000 82.181852 6.803987e-01 0 1 1 328.571448 5.382855e-03 7.719830e-02 4.000000e+02 -2.775558e-17 -4.857226e-17 5.690160e+04 -4.480266e-03 1.295136e-03 -2.090454e-05 -2.520080e-04 -2.329109e-04 -3.704421e-05 6.40777
125.000000 400.000000 -0.078000 2.610000 -0.872900 0.843922 0.000000 83.452173 6.140930e-01 0 1 1 328.571448 5.586384e-03 8.493737e-02 4.000000e+02 -1.387779e-17 9.714451e-17 5.147769e+04 -4.480266e-03 1.295136e-03 -2.090454e-05 -2.520080e-04 -2.329109e-04 -3.704421e-05 7.67809
125.000000 400.000000 -0.078000 2.980000 -0.872900 0.843922 0.000000 84.818294 5.432361e-01 0 1 1 328.571448 5.793685e-03 9.584649e-02 4.000000e+02 0.000000e+00 -5.551115e-17 4.671176e+04 -4.480266e-03 1.295136e-03 -2.090454e-05 -2.520080e-04 -2.329109e-04 -3.704421e-05 9.04421
125.000000 400.000000 -0.078000 3.350000 -0.872900 0.843922 0.000000 86.317772 4.768335e-01 0 1 1 328.571448 6.005113e-03 1.093497e-01 4.000000e+02 -2.775558e-17 2.775558e-17 4.260440e+04 -4.480266e-03 1.295136e-03 -2.090454e-05 -2.520080e-04 -2.329109e-04 -3.704421e-05 10.5437
125.000000 400.000000 -0.052000 1.870000 -0.864851 0.851972 0.000000 78.515001 9.225225e-01 0 1 1 328.571448 4.894187e-03 5.728652e-02 4.000000e+02 6.938894e-18 2.602085e-17 6.403744e+04 -4.683652e-03 5.756158e-04 -2.416895e-05 -2.744859e-04 -2.464480e-04 -3.704421e-05 2.74092
125.000000 400.000000 -0.052000 2.240000 -0.864851 0.851972 0.000000 79.024197 8.641350e-01 0 1 1 328.571448 5.022037e-03 6.065707e-02 4.000000e+02 6.938894e-18 -4.857226e-17 5.785730e+04 -4.683652e-03 5.756158e-04 -2.416895e-05 -2.744859e-04 -2.464480e-04 -3.704421e-05 3.25011
125.000000 400.000000 -0.052000 2.610000 -0.864851 0.851972 0.000000 79.639371 7.641791e-01 0 1 1 328.571448 5.150876e-03 6.839613e-02 4.000000e+02 -1.387779e-17 6.245005e-17 5.220028e+04 -4.683652e-03 5.756158e-04 -2.416895e-05 -2.744859e-04 -2.464480e-04 -3.704421e-05 3.86529
125.000000 400.000000 -0.052000 2.980000 -0.864851 0.851972 0.000000 80.342830 6.595813e-01 0 1 1 328.571448 5.281137e-03 7.930525e-02 4.000000e+02 -6.938894e-18 -2.775558e-17 4.728431e+04 -4.683652e-03 5.756158e-04 -2.416895e-05 -2.744859e-04 -2.464480e-04 -3.704421e-05 4.56875
125.000000 400.000000 -0.052000 3.350000 -0.864851 0.851972 0.000000 81.123842 5.665284e-01 0 1 1 328.571448 5.413062e-03 9.280844e-02 4.000000e+02 -1.040834e-17 0.000000e+00 4.307314e+04 -4.683652e-03 5.756158e-04 -2.416895e-05 -2.744859e-04 -2.464480e-04 -3.704421e-05 5.34976
125.000000 400.000000 -0.052000 3.720000 -0.864851 0.851972 0.000000 81.974690 4.923077e-01 0 1 1 328.571448 5.546798e-03 1.086009e-01 4.000000e+02 -6.938894e-18 1.387779e-17 3.946965e+04 -4.683652e-03 5.756158e-04 -2.416895e-05 -2.744859e-04 -2.464480e-04 -3.704421e-05 6.20061
125.000000 400.000000 -0.052000 4.090000 -0.864851 0.851972 0.000000 82.888666 4.650474e-01 0 1 1 328.571448 5.682440e-03 1.265092e-01 4.000000e+02 -2.775558e-17 2.775558e-17 3.637329e+04 -4.683652e-03 5.756158e-04 -2.416895e-05 -2.744859e-04 -2.464480e-04 -3.704421e-05 7.11458
125.000000 400.000000 -0.052000 4.460000 -0.864851 0.851972 0.000000 83.901229 4.547516e-01 0 1 1 328.571448 5.820049e-03 1.464286e-01 4.000000e+02 -1.387779e-17 9.714451e-17 3.369606e+04 -4.683652e-03 5.756158e-04 -2.416895e-05 -2.744859e-04 -2.464480e-04 -3.704421e-05 8.12714
125.000000 400.000000 -0.052000 4.830000 -0.864851 0.851972 0.000000 84.911991 4.446401e-01 0 1 1 328.571448 5.959669e-03 1.682929e-01 4.000000e+02 -2.081668e-17 0.000000e+00 3.136522e+04 -4.683652e-03 5.756158e-04 -2.416895e-05 -2.744859e-04 -2.464480e-04 -3.704421e-05 9.13791
125.000000 400.000000 -0.052000 5.200000 -0.864851 0.851972 0.000000 85.972179 4.347364e-01 0 1 1 328.571448 6.101332e-03 1.920586e-01 4.000000e+02 8.673617e-18 -8.326673e-17 2.932185e+04 -4.683652e-03 5.756158e-04 -2.416895e-05 -2.744859e-04 -2.464480e-04 -3.704421e-05 10.1981
125.000000 400.000000 -0.052000 5.570000 -0.864851 0.851972 0.000000 87.076964 4.250551e-01 0 1 1 328.571448 6.245061e-03 2.176961e-01 4.000000e+02 1.387779e-17 -6.938894e-17 2.751854e+04 -4.683652e-03 5.756158e-04 -2.416895e-05 -2.744859e-04 -2.464480e-04 -3.704421e-05 11.3029
125.000000 400.000000 -0.026000 2.610000 -0.860021 0.856801 0.000000 77.044285 8.943231e-01 0 1 1 328.571448 4.734912e-03 5.847138e-02 4.000000e+02 6.938894e-18 2.081668e-17 5.285994e+04 -4.805683e-03 1.439039e-04 -2.612759e-05 -2.879726e-04 -2.545703e-04 -3.704421e-05 1.2702
125.000000 400.000000 -0.026000 2.980000 -0.860021 0.856801 0.000000 77.257186 7.571165e-01 0 1 1 328.571448 4.796034e-03 6.938051e-02 4.000000e+02 -6.938894e-18 -1.387779e-17 4.779973e+04 -4.805683e-03 1.439039e-04 -2.612759e-05 -2.879726e-04 -2.545703e-04 -3.704421e-05 1.4831
125.000000 400.000000 -0.026000 3.350000 -0.860021 0.856801 0.000000 77.524529 6.410016e-01 0 1 1 328.571448 4.857445e-03 8.288369e-02 4.000000e+02 -3.469447e-18 1.387779e-17 4.348975e+04 -4.805683e-03 1.439039e-04 -2.612759e-05 -2.879726e-04 -2.545703e-04 -3.704421e-05 1.75044
125.000000 400.000000 -0.026000 3.720000 -0.860021 0.856801 0.000000 77.780539 5.520216e-01 0 1 1 328.571448 4.919219e-03 9.867618e-02 4.000000e+02 5.204170e-18 0.000000e+00 3.981509e+04 -4.805683e-03 1.439039e-04 -2.612759e-05 -2.879726e-04 -2.545703e-04 -3.704421e-05 2.00646
125.000000 400.000000 -0.026000 4.090000 -0.860021 0.856801 0.000000 78.058789 5.402429e-01 0 1 1 328.571448 4.981405e-03 1.165845e-01 4.000000e+02 5.204170e-18 -1.387779e-17 3.666551e+04 -4.805683e-03 1.439039e-04 -2.612759e-05 -2.879726e-04 -2.545703e-04 -3.704421e-05 2.28471
125.000000 400.000000 -0.026000 4.460000 -0.860021 0.856801 0.000000 78.358215 5.339711e-01 0 1 1 328.571448 5.044033e-03 1.365038e-01 4.000000e+02 -3.469447e-18 3.469447e-17 3.394731e+04 -4.805683e-03 1.439039e-04 -2.612759e-05 -2.879726e-04 -2.545703e-04 -3.704421e-05 2.58413
125.000000 400.000000 -0.026000 4.830000 -0.860021 0.856801 0.000000 78.677911 5.277227e-01 0 1 1 328.571448 5.107126e-03 1.583681e-01 4.000000e+02 0.000000e+00 -1.387779e-17 3.158417e+04 -4.805683e-03 1.439039e-04 -2.612759e-05 -2.879726e-04 -2.545703e-04 -3.704421e-05 2.90383
125.000000 400.000000 -0.026000 5.200000 -0.860021 0.856801 0.000000 79.017062 5.215138e-01 0 1 1 328.571448 5.170701e-03 1.821338e-01 4.000000e+02 9.540979e-18 -5.551115e-17 2.951483e+04 -4.805683e-03 1.439039e-04 -2.612759e-05 -2.879726e-04 -2.545703e-04 -3.704421e-05 3.24298
125.000000 400.000000 -0.026000 5.570000 -0.860021 0.856801 0.000000 79.374921 5.153556e-01 0 1 1 328.571448 5.234768e-03 2.077713e-01 4.000000e+02 -1.127570e-17 -2.775558e-17 2.769029e+04 -4.805683e-03 1.439039e-04 -2.612759e-05 -2.879726e-04 -2.545703e-04 -3.704421e-05 3.60084
125.000000 400.000000 -0.026000 5.940000 -0.860021 0.856801 0.000000 79.750780 5.092563e-01 0 1 1 328.571448 5.299337e-03 2.352600e-01 4.000000e+02 3.469447e-18 -2.775558e-17 2.607124e+04 -4.805683e-03 1.439039e-04 -2.612759e-05 -2.879726e-04 -2.545703e-04 -3.704421e-05 3.9767
125.000000 400.000000 -0.026000 6.310000 -0.860021 0.856801 0.000000 80.143962 5.032218e-01 0 1 1 328.571448 5.364414e-03 2.645851e-01 4.000000e+02 -7.806256e-18 1.387779e-17 2.462594e+04 -4.805683e-03 1.439039e-04 -2.612759e-05 -2.879726e-04 -2.545703e-04 -3.704421e-05 4.36988
125.000000 400.000000 -0.026000 6.680000 -0.860021 0.856801 0.000000 80.554149 4.972562e-01 0 1 1 328.571448 5.430005e-03 2.957358e-01 4.000000e+02 9.540979e-18 2.775558e-17 2.332866e+04 -4.805683e-03 1.439039e-04 -2.612759e-05 -2.879726e-04 -2.545703e-04 -3.704421e-05 4.78006
125.000000 400.000000 -0.026000 7.050000 -0.860021 0.856801 0.000000 80.980450 4.913625e-01 0 1 1 328.571448 5.496113e-03 3.287040e-01 4.000000e+02 -1.301043e-18 -2.775558e-17 2.215832e+04 -4.805683e-03 1.439039e-04 -2.612759e-05 -2.879726e-04 -2.545703e-04 -3.704421e-05 5.20637
125.000000 400.000000 -0.026000 7.420000 -0.860021 0.856801 0.000000 81.422320 4.855429e-01 0 1 1 328.571448 5.562743e-03 3.634837e-01 4.000000e+02 -4.770490e-18 3.469447e-17 2.109757e+04 -4.805683e-03 1.439039e-04 -2.612759e-05 -2.879726e-04 -2.545703e-04 -3.704421e-05 5.64824
125.000000 400.000000 -0.026000 7.790000 -0.860021 0.856801 0.000000 81.879144 4.853081e-01 0 1 1 328.571448 5.629895e-03 4.000701e-01 4.000000e+02 -1.127570e-17 2.081668e-17 2.013200e+04 -4.805683e-03 1.439039e-04 -2.612759e-05 -2.879726e-04 -2.545703e-04 -3.704421e-05 6.10506
125.000000 400.000000 -0.026000 8.160000 -0.860021 0.856801 0.000000 82.350318 5.191381e-01 0 1 1 328.571448 5.697574e-03 4.384597e-01 4.000000e+02 -1.344411e-17 6.245005e-17 1.924957e+04 -4.805683e-03 1.439039e-04 -2.612759e-05 -2.879726e-04 -2.545703e-04 -3.704421e-05 6.57623
125.000000 400.000000 -0.026000 8.530000 -0.860021 0.856801 0.000000 82.835250 5.565217e-01 0 1 1 328.571448 5.765780e-03 4.786495e-01 4.000000e+02 -9.107298e-18 4.857226e-17 1.844016e+04 -4.805683e-03 1.439039e-04 -2.612759e-05 -2.879726e-04 -2.545703e-04 -3.704421e-05 7.06117
125.000000 400.000000 -0.026000 8.900000 -0.860021 0.856801 0.000000 83.384595 5.988304e-01 0 1 1 328.571448 5.834515e-03 5.206373e-01 4.000000e+02 -1.561251e-17 4.163336e-17 1.769519e+04 -4.805683e-03 1.439039e-04 -2.612759e-05 -2.879726e-04 -2.545703e-04 -3.704421e-05 7.61051
125.000000 400.000000 -0.026000 9.270000 -0.860021 0.856801 0.000000 83.887735 6.430141e-01 0 1 1 328.571448 5.903781e-03 5.644212e-01 4.000000e+02 1.474515e-17 2.081668e-17 1.700735e+04 -4.805683e-03 1.439039e-04 -2.612759e-05 -2.879726e-04 -2.545703e-04 -3.704421e-05 8.11365
125.000000 400.000000 -0.026000 9.640000 -0.860021 0.856801 0.000000 84.403535 6.907251e-01 0 1 1 328.571448 5.973578e-03 6.099998e-01 4.000000e+02 -4.119968e-18 3.469447e-17 1.637041e+04 -4.805683e-03 1.439039e-04 -2.612759e-05 -2.879726e-04 -2.545703e-04 -3.704421e-05 8.62945
125.000000 400.000000 -0.026000 10.010000 -0.860021 0.856801 0.000000 84.931441 7.406872e-01 0 1 1 328.571448 6.043908e-03 6.573717e-01 4.000000e+02 8.456777e-18 -1.387779e-17 1.577896e+04 -4.805683e-03 1.439039e-04 -2.612759e-05 -2.879726e-04 -2.545703e-04 -3.704421e-05 9.15736
125.000000 400.000000 -0.026000 10.380000 -0.860021 0.856801 0.000000 85.471111 7.937984e-01 0 1 1 328.571448 6.114770e-03 7.065361e-01 4.000000e+02 -6.938894e-18 3.469447e-17 1.522836e+04 -4.805683e-03 1.439039e-04 -2.612759e-05 -2.879726e-04 -2.545703e-04 -3.704421e-05 9.69703
125.000000 400.000000 -0.026000 10.750000 -0.860021 0.856801 0.000000 86.021504 8.497925e-01 0 1 1 328.571448 6.186167e-03 7.574920e-01 4.000000e+02 8.673617e-19 -4.857226e-17 1.471456e+04 -4.805683e-03 1.439039e-04 -2.612759e-05 -2.879726e-04 -2.545703e-04 -3.704421e-05 10.2474
125.000000 400.000000 -0.026000 11.120000 -0.860021 0.856801 0.000000 86.582812 9.082040e-01 0 1 1 328.571448 6.258098e-03 8.102388e-01 4.000000e+02 -1.301043e-17 -2.775558e-17 1.423401e+04 -4.805683e-03 1.439039e-04 -2.612759e-05 -2.879726e-04 -2.545703e-04 -3.704421e-05 10.8087
125.000000 400.000000 -0.026000 11.490000 -0.860021 0.856801 0.000000 87.153380 9.683215e-01 0 1 1 328.571448 6.330564e-03 8.647758e-01 4.000000e+02 9.757820e-18 -5.551115e-17 1.378361e+04 -4.805683e-03 1.439039e-04 -2.612759e-05 -2.879726e-04 -2.545703e-04 -3.704421e-05 11.3793
125.000000 400.000000 0.000000 2.610000 -0.858411 0.858411 0.000000 75.814246 9.503480e-01 0 1 1 328.571448 4.339279e-03 5.516314e-02 4.000000e+02 9.273057e-18 -9.273057e-18 5.345554e+04 -4.846360e-03 3.883777e-16 -2.678047e-05 -2.924681e-04 -2.572778e-04 -3.704421e-05 0.040162
125.000000 400.000000 0.000000 2.980000 -0.858411 0.858411 0.000000 75.814246 7.984405e-01 0 1 1 328.571448 4.339279e-03 6.607226e-02 4.000000e+02 -1.674256e-17 1.674256e-17 4.825716e+04 -4.846360e-03 7.282082e-16 -2.678047e-05 -2.924681e-04 -2.572778e-04 -3.704421e-05 0.040162
125.000000 400.000000 0.000000 3.350000 -0.858411 0.858411 0.000000 75.814246 7.886687e-01 0 1 1 328.571448 4.339279e-03 7.957545e-02 4.000000e+02 0.000000e+00 0.000000e+00 4.385355e+04 -4.846360e-03 -2.011242e-16 -2.678047e-05 -2.924681e-04 -2.572778e-04 -3.704421e-05 0.040162
125.000000 400.000000 0.000000 3.720000 -0.858411 0.858411 0.000000 75.814246 7.886687e-01 0 1 1 328.571448 4.339279e-03 9.536793e-02 4.000000e+02 -6.958347e-18 6.958347e-18 4.011214e+04 -4.846360e-03 5.825665e-16 -2.678047e-05 -2.924681e-04 -2.572778e-04 -3.704421e-05 0.040162
125.000000 400.000000 0.000000 4.090000 -0.858411 0.858411 0.000000 75.814246 7.886687e-01 0 1 1 328.571448 4.339279e-03 1.132762e-01 4.000000e+02 1.280682e-17 -1.280682e-17 3.691315e+04 -4.846360e-03 -1.213680e-16 -2.678047e-05 -2.924681e-04 -2.572778e-04 -3.704421e-05 0.040162
125.000000 400.000000 0.000000 4.460000 -0.858411 0.858411 0.000000 75.814246 7.886687e-01 0 1 1 328.571448 4.339279e-03 1.331956e-01 4.000000e+02 -5.925342e-18 5.925342e-18 3.415727e+04 -4.846360e-03 -9.050587e-16 -2.678047e-05 -2.924681e-04 -2.572778e-04 -3.704421e-05 0.040162
125.000000 400.000000 0.000000 4.830000 -0.858411 0.858411 0.000000 75.814246 7.886687e-01 0 1 1 328.571448 4.339279e-03 1.550599e-01 4.000000e+02 -5.510296e-18 5.510296e-18 3.176469e+04 -4.846360e-03 -2.011242e-16 -2.678047e-05 -2.924681e-04 -2.572778e-04 -3.704421e-05 0.040162
125.000000 400.000000 0.000000 5.200000 -0.858411 0.858411 0.000000 75.814246 7.886687e-01 0 1 1 328.571448 4.339279e-03 1.788256e-01 4.000000e+02 0.000000e+00 0.000000e+00 2.967190e+04 -4.846360e-03 -1.213680e-16 -2.678047e-05 -2.924681e-04 -2.572778e-04 -3.704421e-05 0.040162
125.000000 400.000000 0.000000 5.570000 -0.858411 0.858411 0.000000 75.814246 7.886687e-01 0 1 1 328.571448 4.339279e-03 2.044631e-01 4.000000e+02 4.827449e-18 -4.827449e-18 2.782835e+04 -4.846360e-03 3.883777e-16 -2.678047e-05 -2.924681e-04 -2.572778e-04 -3.704421e-05 0.040162
125.000000 400.000000 0.000000 5.940000 -0.858411 0.858411 0.000000 75.814246 7.886687e-01 0 1 1 328.571448 4.339279e-03 2.319518e-01 4.000000e+02 0.000000e+00 0.000000e+00 2.619365e+04 -4.846360e-03 3.953130e-16 -2.678047e-05 -2.924681e-04 -2.572778e-04 -3.704421e-05 0.040162
125.000000 400.000000 0.000000 6.310000 -0.858411 0.858411 0.000000 75.814246 7.886687e-01 0 1 1 328.571448 4.339279e-03 2.612769e-01 4.000000e+02 0.000000e+00 0.000000e+00 2.473534e+04 -4.846360e-03 -9.050587e-16 -2.678047e-05 -2.924681e-04 -2.572778e-04 -3.704421e-05 0.040162
125.000000 400.000000 0.000000 6.680000 -0.858411 0.858411 0.000000 75.814246 7.886687e-01 0 1 1 328.571448 4.339279e-03 2.924276e-01 4.000000e+02 0.000000e+00 0.000000e+00 2.342709e+04 -4.846360e-03 -9.050587e-16 -2.678047e-05 -2.924681e-04 -2.572778e-04 -3.704421e-05 0.040162
125.000000 400.000000 0.000000 7.050000 -0.858411 0.858411 0.000000 75.814246 7.886687e-01 0 1 1 328.571448 4.339279e-03 3.253958e-01 4.000000e+02 -3.859313e-18 3.859313e-18 2.224742e+04 -4.846360e-03 2.739450e-16 -2.678047e-05 -2.924681e-04 -2.572778e-04 -3.704421e-05 0.040162
125.000000 400.000000 0.000000 7.420000 -0.858411 0.858411 0.000000 75.814246 7.886687e-01 0 1 1 328.571448 4.339279e-03 3.601755e-01 4.000000e+02 -3.673914e-18 3.673914e-18 2.117867e+04 -4.846360e-03 -9.050587e-16 -2.678047e-05 -2.924681e-04 -2.572778e-04 -3.704421e-05 0.040162
125.000000 400.000000 0.000000 7.790000 -0.858411 0.858411 0.000000 75.814246 7.886687e-01 0 1 1 328.571448 4.339279e-03 3.967619e-01 4.000000e+02 -3.505213e-18 3.505213e-18 2.020618e+04 -4.846360e-03 -1.941888e-16 -2.678047e-05 -2.924681e-04 -2.572778e-04 -3.704421e-05 0.040162
125.000000 400.000000 0.000000 8.160000 -0.858411 0.858411 0.000000 75.814246 7.886687e-01 0 1 1 328.571448 4.339279e-03 4.351515e-01 4.000000e+02 0.000000e+00 0.000000e+00 1.931772e+04 -4.846360e-03 2.011242e-16 -2.678047e-05 -2.924681e-04 -2.572778e-04 -3.704421e-05 0.040162
125.000000 400.000000 0.000000 8.530000 -0.858411 0.858411 0.000000 75.814246 7.886687e-01 0 1 1 328.571448 4.339279e-03 4.753413e-01 4.000000e+02 0.000000e+00 0.000000e+00 1.850303e+04 -4.846360e-03 -5.548253e-17 -2.678047e-05 -2.924681e-04 -2.572778e-04 -3.704421e-05 0.040162
125.000000 400.000000 0.000000 8.900000 -0.858411 0.858411 0.000000 75.814246 7.886687e-01 0 1 1 328.571448 4.339279e-03 5.173291e-01 4.000000e+02 6.159447e-18 -6.159447e-18 1.775340e+04 -4.846360e-03 -1.941888e-16 -2.678047e-05 -2.924681e-04 -2.572778e-04 -3.704421e-05 0.040162
125.000000 400.000000 0.000000 9.270000 -0.858411 0.858411 0.000000 75.814246 7.886687e-01 0 1 1 328.571448 4.339279e-03 5.611130e-01 4.000000e+02 5.919374e-18 -5.919374e-18 1.706143e+04 -4.846360e-03 -4.854721e-17 -2.678047e-05 -2.924681e-04 -2.572778e-04 -3.704421e-05 0.040162
125.000000 400.000000 0.000000 9.640000 -0.858411 0.858411 0.000000 75.814246 7.886687e-01 0 1 1 328.571448 4.339279e-03 6.066915e-01 4.000000e+02 0.000000e+00 0.000000e+00 1.642081e+04 -4.846360e-03 -4.369249e-16 -2.678047e-05 -2.924681e-04 -2.572778e-04 -3.704421e-05 0.040162
125.000000 400.000000 0.000000 10.010000 -0.858411 0.858411 0.000000 75.814246 7.886687e-01 0 1 1 328.571448 4.339279e-03 6.540635e-01 4.000000e+02 5.490771e-18 -5.490771e-18 1.582607e+04 -4.846360e-03 7.282082e-17 -2.678047e-05 -2.924681e-04 -2.572778e-04 -3.704421e-05 0.040162
125.000000 400.000000 0.000000 10.380000 -0.858411 0.858411 0.000000 75.814246 8.159363e-01 0 1 1 328.571448 4.339279e-03 7.032278e-01 4.000000e+02 0.000000e+00 0.000000e+00 1.527251e+04 -4.846360e-03 4.611985e-16 -2.678047e-05 -2.924681e-04 -2.572778e-04 -3.704421e-05 0.040162
125.000000 400.000000 0.000000 10.750000 -0.858411 0.858411 0.000000 75.814246 8.733475e-01 0 1 1 328.571448 4.339279e-03 7.541838e-01 4.000000e+02 0.000000e+00 0.000000e+00 1.475603e+04 -4.846360e-03 5.895019e-16 -2.678047e-05 -2.924681e-04 -2.572778e-04 -3.704421e-05 0.040162
125.000000 400.000000 0.000000 11.120000 -0.858411 0.858411 0.000000 75.814246 9.309091e-01 0 1 1 328.571448 4.339279e-03 8.069305e-01 4.000000e+02 0.000000e+00 0.000000e+00 1.427306e+04 -4.846360e-03 3.953130e-16 -2.678047e-05 -2.924681e-04 -2.572778e-04 -3.704421e-05 0.040162
125.000000 400.000000 0.000000 11.490000 -0.858411 0.858411 0.000000 75.814246 9.917676e-01 0 1 1 328.571448 4.339279e-03 8.614676e-01 4.000000e+02 0.000000e+00 0.000000e+00 1.382047e+04 -4.846360e-03 -2.427361e-16 -2.678047e-05 -2.924681e-04 -2.572778e-04 -3.704421e-05 0.040162
125.000000 400.000000 0.026000 2.610000 -0.860021 0.856801 0.000000 76.101740 8.943231e-01 0 1 1 328.571448 3.964757e-03 5.847138e-02 4.000000e+02 -6.938894e-18 0.000000e+00 5.398592e+04 -4.805683e-03 1.439039e-04 -2.612759e-05 -2.879726e-04 -2.545703e-04 -3.704421e-05 0.327656
125.000000 400.000000 0.026000 2.980000 -0.860021 0.856801 0.000000 76.257695 7.571165e-01 0 1 1 328.571448 3.911768e-03 6.938051e-02 4.000000e+02 -2.428613e-17 5.551115e-17 4.865570e+04 -4.805683e-03 1.439039e-04 -2.612759e-05 -2.879726e-04 -2.545703e-04 -3.704421e-05 0.483611
125.000000 400.000000 0.026000 3.350000 -0.860021 0.856801 0.000000 76.441118 7.171930e-01 0 1 1 328.571448 3.859576e-03 8.288369e-02 4.000000e+02 -1.387779e-17 2.775558e-17 4.416385e+04 -4.805683e-03 1.439039e-04 -2.612759e-05 -2.879726e-04 -2.545703e-04 -3.704421e-05 0.667034
125.000000 400.000000 0.026000 3.720000 -0.860021 0.856801 0.000000 76.652474 7.258609e-01 0 1 1 328.571448 3.808105e-03 9.867618e-02 4.000000e+02 5.204170e-18 -6.938894e-18 4.036026e+04 -4.805683e-03 1.439039e-04 -2.612759e-05 -2.879726e-04 -2.545703e-04 -3.704421e-05 0.87839
125.000000 400.000000 0.026000 4.090000 -0.860021 0.856801 0.000000 76.892547 7.348188e-01 0 1 1 328.571448 3.757305e-03 1.165845e-01 4.000000e+02 6.938894e-18 6.938894e-18 3.711576e+04 -4.805683e-03 1.439039e-04 -2.612759e-05 -2.879726e-04 -2.545703e-04 -3.704421e-05 1.11846
125.000000 400.000000 0.026000 4.460000 -0.860021 0.856801 0.000000 77.161979 7.440319e-01 0 1 1 328.571448 3.707144e-03 1.365038e-01 4.000000e+02 -1.561251e-17 -6.938894e-18 3.432556e+04 -4.805683e-03 1.439039e-04 -2.612759e-05 -2.879726e-04 -2.545703e-04 -3.704421e-05 1.3879
125.000000 400.000000 0.026000 4.830000 -0.860021 0.856801 0.000000 77.461313 7.534767e-01 0 1 1 328.571448 3.657598e-03 1.583681e-01 4.000000e+02 -2.255141e-17 4.163336e-17 3.190646e+04 -4.805683e-03 1.439039e-04 -2.612759e-05 -2.879726e-04 -2.545703e-04 -3.704421e-05 1.68723
125.000000 400.000000 0.026000 5.200000 -0.860021 0.856801 0.000000 77.791013 7.631367e-01 0 1 1 328.571448 3.608652e-03 1.821338e-01 4.000000e+02 1.040834e-17 3.469447e-17 2.979276e+04 -4.805683e-03 1.439039e-04 -2.612759e-05 -2.879726e-04 -2.545703e-04 -3.704421e-05 2.01693
125.000000 400.000000 0.026000 5.570000 -0.860021 0.856801 0.000000 78.165297 7.730002e-01 0 1 1 328.571448 3.560293e-03 2.077713e-01 4.000000e+02 3.903128e-17 6.938894e-18 2.793245e+04 -4.805683e-03 1.439039e-04 -2.612759e-05 -2.879726e-04 -2.545703e-04 -3.704421e-05 2.39121
125.000000 400.000000 0.026000 5.940000 -0.860021 0.856801 0.000000 78.555685 7.830586e-01 0 1 1 328.571448 3.512513e-03 2.352600e-01 4.000000e+02 2.168404e-17 2.081668e-17 2.628411e+04 -4.805683e-03 1.439039e-04 -2.612759e-05 -2.879726e-04 -2.545703e-04 -3.704421e-05 2.7816
125.000000 400.000000 0.026000 6.310000 -0.860021 0.856801 0.000000 78.968416 7.933056e-01 0 1 1 328.571448 3.465304e-03 2.645851e-01 4.000000e+02 -1.387779e-17 6.938894e-18 2.481455e+04 -4.805683e-03 1.439039e-04 -2.612759e-05 -2.879726e-04 -2.545703e-04 -3.704421e-05 3.19433
125.000000 400.000000 0.026000 6.680000 -0.860021 0.856801 0.000000 79.422566 8.037367e-01 0 1 1 328.571448 3.418662e-03 2.957358e-01 4.000000e+02 -4.683753e-17 0.000000e+00 2.349693e+04 -4.805683e-03 1.439039e-04 -2.612759e-05 -2.879726e-04 -2.545703e-04 -3.704421e-05 3.64848
125.000000 400.000000 0.026000 7.050000 -0.860021 0.856801 0.000000 79.908155 8.143482e-01 0 1 1 328.571448 3.372582e-03 3.287040e-01 4.000000e+02 8.673617e-18 4.163336e-17 2.230938e+04 -4.805683e-03 1.439039e-04 -2.612759e-05 -2.879726e-04 -2.545703e-04 -3.704421e-05 4.13407
125.000000 400.000000 0.026000 7.420000 -0.860021 0.856801 0.000000 80.426786 8.251375e-01 0 1 1 328.571448 3.327061e-03 3.634837e-01 4.000000e+02 8.673617e-18 -3.469447e-17 2.123393e+04 -4.805683e-03 1.439039e-04 -2.612759e-05 -2.879726e-04 -2.545703e-04 -3.704421e-05 4.6527
125.000000 400.000000 0.026000 7.790000 -0.860021 0.856801 0.000000 80.977250 8.361027e-01 0 1 1 328.571448 3.282096e-03 4.000701e-01 4.000000e+02 -2.732189e-17 1.387779e-17 2.025571e+04 -4.805683e-03 1.439039e-04 -2.612759e-05 -2.879726e-04 -2.545703e-04 -3.704421e-05 5.20317
125.000000 400.000000 0.026000 8.160000 -0.860021 0.856801 0.000000 81.559657 8.472420e-01 0 1 1 328.571448 3.237685e-03 4.384597e-01 4.000000e+02 1.691355e-17 -6.245005e-17 1.936231e+04 -4.805683e-03 1.439039e-04 -2.612759e-05 -2.879726e-04 -2.545703e-04 -3.704421e-05 5.78557
125.000000 400.000000 0.026000 8.530000 -0.860021 0.856801 0.000000 82.174084 8.585543e-01 0 1 1 328.571448 3.193825e-03 4.786495e-01 4.000000e+02 -3.903128e-18 -2.775558e-17 1.854332e+04 -4.805683e-03 1.439039e-04 -2.612759e-05 -2.879726e-04 -2.545703e-04 -3.704421e-05 6.4
125.000000 400.000000 0.026000 8.900000 -0.860021 0.856801 0.000000 82.745221 8.700384e-01 0 1 1 328.571448 3.150517e-03 5.206373e-01 4.000000e+02 9.107298e-18 -2.775558e-17 1.778995e+04 -4.805683e-03 1.439039e-04 -2.612759e-05 -2.879726e-04 -2.545703e-04 -3.704421e-05 6.97114
125.000000 400.000000 0.026000 9.270000 -0.860021 0.856801 0.000000 83.425975 8.816936e-01 0 1 1 328.571448 3.107758e-03 5.644212e-01 4.000000e+02 2.081668e-17 -4.857226e-17 1.709470e+04 -4.805683e-03 1.439039e-04 -2.612759e-05 -2.879726e-04 -2.545703e-04 -3.704421e-05 7.65189
125.000000 400.000000 0.026000 9.640000 -0.860021 0.856801 0.000000 84.138718 8.935189e-01 0 1 1 328.571448 3.065546e-03 6.099998e-01 4.000000e+02 4.119968e-18 -3.469447e-17 1.645118e+04 -4.805683e-03 1.439039e-04 -2.612759e-05 -2.879726e-04 -2.545703e-04 -3.704421e-05 8.36463
125.000000 400.000000 0.026000 10.010000 -0.860021 0.856801 0.000000 84.883387 9.055137e-01 0 1 1 328.571448 3.023882e-03 6.573717e-01 4.000000e+02 2.602085e-18 0.000000e+00 1.585387e+04 -4.805683e-03 1.439039e-04 -2.612759e-05 -2.879726e-04 -2.545703e-04 -3.704421e-05 9.1093
125.000000 400.000000 0.026000 10.380000 -0.860021 0.856801 0.000000 85.659883 9.176771e-01 0 1 1 328.571448 2.982765e-03 7.065361e-01 4.000000e+02 1.214306e-17 -3.469447e-17 1.529803e+04 -4.805683e-03 1.439039e-04 -2.612759e-05 -2.879726e-04 -2.545703e-04 -3.704421e-05 9.8858
125.000000 400.000000 0.026000 10.750000 -0.860021 0.856801 0.000000 86.468070 9.300083e-01 0 1 1 328.571448 2.942193e-03 7.574920e-01 4.000000e+02 -8.673617e-19 4.857226e-17 1.477951e+04 -4.805683e-03 1.439039e-04 -2.612759e-05 -2.879726e-04 -2.545703e-04 -3.704421e-05 10.694
125.000000 400.000000 0.026000 11.120000 -0.860021 0.856801 0.000000 87.305193 9.425066e-01 0 1 1 328.571448 2.902166e-03 8.102388e-01 4.000000e+02 3.252607e-18 3.469447e-17 1.429470e+04 -4.805683e-03 1.439039e-04 -2.612759e-05 -2.879726e-04 -2.545703e-04 -3.704421e-05 11.5311
125.000000 400.000000 0.052000 1.870000 -0.864851 0.851972 0.000000 76.839796 9.246050e-01 0 1 1 328.571448 3.816893e-03 5.728652e-02 4.000000e+02 1.387779e-17 -3.122502e-17 6.870733e+04 -4.683652e-03 5.756158e-04 -2.416895e-05 -2.744859e-04 -2.464480e-04 -3.704421e-05 1.06571
125.000000 400.000000 0.052000 2.240000 -0.864851 0.851972 0.000000 77.359215 8.641350e-01 0 1 1 328.571448 3.712802e-03 6.065707e-02 4.000000e+02 1.387779e-17 1.387779e-17 6.096932e+04 -4.683652e-03 5.756158e-04 -2.416895e-05 -2.744859e-04 -2.464480e-04 -3.704421e-05 1.58513
125.000000 400.000000 0.052000 2.610000 -0.864851 0.851972 0.000000 77.996585 7.803762e-01 0 1 1 328.571448 3.612129e-03 6.839613e-02 4.000000e+02 3.469447e-17 -8.326673e-17 5.444994e+04 -4.683652e-03 5.756158e-04 -2.416895e-05 -2.744859e-04 -2.464480e-04 -3.704421e-05 2.2225
125.000000 400.000000 0.052000 2.980000 -0.864851 0.851972 0.000000 78.758699 7.983872e-01 0 1 1 328.571448 3.514399e-03 7.930525e-02 4.000000e+02 -3.469447e-17 8.326673e-17 4.899451e+04 -4.683652e-03 5.756158e-04 -2.416895e-05 -2.744859e-04 -2.464480e-04 -3.704421e-05 2.98461
125.000000 400.000000 0.052000 3.350000 -0.864851 0.851972 0.000000 79.639457 8.175837e-01 0 1 1 328.571448 3.419351e-03 9.280844e-02 4.000000e+02 0.000000e+00 -1.387779e-17 4.441996e+04 -4.683652e-03 5.756158e-04 -2.416895e-05 -2.744859e-04 -2.464480e-04 -3.704421e-05 3.86537
125.000000 400.000000 0.052000 3.720000 -0.864851 0.851972 0.000000 80.646197 8.378037e-01 0 1 1 328.571448 3.326826e-03 1.086009e-01 4.000000e+02 4.163336e-17 -4.163336e-17 4.055889e+04 -4.683652e-03 5.756158e-04 -2.416895e-05 -2.744859e-04 -2.464480e-04 -3.704421e-05 4.87211
125.000000 400.000000 0.052000 4.090000 -0.864851 0.851972 0.000000 81.780267 8.589458e-01 0 1 1 328.571448 3.236727e-03 1.265092e-01 4.000000e+02 1.387779e-17 -1.387779e-17 3.727288e+04 -4.683652e-03 5.756158e-04 -2.416895e-05 -2.744859e-04 -2.464480e-04 -3.704421e-05 6.00618
125.000000 400.000000 0.052000 4.460000 -0.864851 0.851972 0.000000 82.964771 8.809438e-01 0 1 1 328.571448 3.148985e-03 1.464286e-01 4.000000e+02 3.122502e-17 -9.714451e-17 3.445179e+04 -4.683652e-03 5.756158e-04 -2.416895e-05 -2.744859e-04 -2.464480e-04 -3.704421e-05 7.19069
125.000000 400.000000 0.052000 4.830000 -0.864851 0.851972 0.000000 84.356941 9.037515e-01 0 1 1 328.571448 3.063556e-03 1.682929e-01 4.000000e+02 -1.734723e-18 5.551115e-17 3.200915e+04 -4.683652e-03 5.756158e-04 -2.416895e-05 -2.744859e-04 -2.464480e-04 -3.704421e-05 8.58286
125.000000 400.000000 0.052000 5.200000 -0.864851 0.851972 0.000000 85.875707 9.273356e-01 0 1 1 328.571448 2.980406e-03 1.920586e-01 4.000000e+02 2.255141e-17 5.551115e-17 2.987715e+04 -4.683652e-03 5.756158e-04 -2.416895e-05 -2.744859e-04 -2.464480e-04 -3.704421e-05 10.1016
125.000000 400.000000 0.052000 5.570000 -0.864851 0.851972 0.000000 87.517659 9.516695e-01 0 1 1 328.571448 2.899511e-03 2.176961e-01 4.000000e+02 1.561251e-17 2.775558e-17 2.800235e+04 -4.683652e-03 5.756158e-04 -2.416895e-05 -2.744859e-04 -2.464480e-04 -3.704421e-05 11.7436
125.000000 400.000000 0.078000 1.500000 -0.872900 0.843922 0.000000 77.796630 9.619882e-01 0 1 1 328.571448 3.724437e-03 7.767037e-02 4.000000e+02 0.000000e+00 -3.122502e-17 7.965875e+04 -4.480266e-03 1.295136e-03 -2.090454e-05 -2.520080e-04 -2.329109e-04 -3.704421e-05 2.02255
125.000000 400.000000 0.078000 1.870000 -0.872900 0.843922 0.000000 78.757587 8.159237e-01 0 1 1 328.571448 3.569266e-03 7.382775e-02 4.000000e+02 2.775558e-17 -4.163336e-17 6.966593e+04 -4.480266e-03 1.295136e-03 -2.090454e-05 -2.520080e-04 -2.329109e-04 -3.704421e-05 2.9835
125.000000 400.000000 0.078000 2.240000 -0.872900 0.843922 0.000000 80.029735 8.402935e-01 0 1 1 328.571448 3.422335e-03 7.719830e-02 4.000000e+02 2.775558e-17 6.938894e-18 6.156172e+04 -4.480266e-03 1.295136e-03 -2.090454e-05 -2.520080e-04 -2.329109e-04 -3.704421e-05 4.25565
125.000000 400.000000 0.078000 2.610000 -0.872900 0.843922 0.000000 81.574449 8.681344e-01 0 1 1 328.571448 3.282179e-03 8.493737e-02 4.000000e+02 1.387779e-17 -9.714451e-17 5.484646e+04 -4.480266e-03 1.295136e-03 -2.090454e-05 -2.520080e-04 -2.329109e-04 -3.704421e-05 5.80036
125.000000 400.000000 0.078000 2.980000 -0.872900 0.843922 0.000000 83.327700 8.986944e-01 0 1 1 328.571448 3.148074e-03 9.584649e-02 4.000000e+02 -4.857226e-17 6.938894e-17 4.927271e+04 -4.480266e-03 1.295136e-03 -2.090454e-05 -2.520080e-04 -2.329109e-04 -3.704421e-05 7.55362
125.000000 400.000000 0.078000 3.350000 -0.872900 0.843922 0.000000 85.449838 9.315580e-01 0 1 1 328.571448 3.019618e-03 1.093497e-01 4.000000e+02 6.938894e-18 -2.775558e-17 4.462120e+04 -4.480266e-03 1.295136e-03 -2.090454e-05 -2.520080e-04 -2.329109e-04 -3.704421e-05 9.67575
125.000000 400.000000 0.104000 1.500000 -0.884169 0.832653 0.000000 79.814704 8.587593e-01 0 1 1 328.571448 3.528124e-03 1.008281e-01 4.000000e+02 -2.775558e-17 -3.469447e-17 8.139634e+04 -4.195526e-03 2.302463e-03 -1.633437e-05 -2.205391e-04 -2.139588e-04 -3.704421e-05 4.04062
125.000000 400.000000 0.104000 1.870000 -0.884169 0.832653 0.000000 81.616041 8.873418e-01 0 1 1 328.571448 3.331420e-03 9.698549e-02 4.000000e+02 -1.387779e-17 -3.469447e-17 7.053622e+04 -4.195526e-03 2.302463e-03 -1.633437e-05 -2.205391e-04 -2.139588e-04 -3.704421e-05 5.84196
125.000000 400.000000 0.104000 2.240000 -0.884169 0.832653 0.000000 83.862232 9.233065e-01 0 1 1 328.571448 3.147944e-03 1.003560e-01 4.000000e+02 1.387779e-17 4.163336e-17 6.207670e+04 -4.195526e-03 2.302463e-03 -1.633437e-05 -2.205391e-04 -2.139588e-04 -3.704421e-05 8.08815
125.000000 400.000000 0.104000 2.610000 -0.884169 0.832653 0.000000 86.708450 9.646041e-01 0 1 1 328.571448 2.975698e-03 1.080951e-01 4.000000e+02 8.326673e-17 -1.804112e-16 5.517432e+04 -4.195526e-03 2.302463e-03 -1.633437e-05 -2.205391e-04 -2.139588e-04 -3.704421e-05 10.9344
125.000000 400.000000 0.130000 1.500000 -0.898658 0.818164 0.000000 82.458591 9.243019e-01 0 1 1 328.571448 3.336851e-03 1.306023e-01 4.000000e+02 -5.551115e-17 -3.469447e-17 8.302682e+04 -3.829431e-03 3.597599e-03 -1.045844e-05 -1.800790e-04 -1.895919e-04 -3.704421e-05 6.68451
125.000000 400.000000 0.130000 1.870000 -0.898658 0.818164 0.000000 85.242552 9.635833e-01 0 1 1 328.571448 3.103913e-03 1.267597e-01 4.000000e+02 0.000000e+00 -6.591949e-17 7.131576e+04 -3.829431e-03 3.597599e-03 -1.045844e-05 -1.800790e-04 -1.895919e-04 -3.704421e-05 9.46847
125.000000 400.000000 0.156000 1.500000 -0.916366 0.800456 0.000000 85.583930 9.931592e-01 0 1 1 328.571447 3.151061e-03 1.669931e-01 4.000000e+02 -2.775558e-17 -4.163336e-17 8.454582e+04 -3.381982e-03 5.180542e-03 -3.276751e-06 -1.306278e-04 -1.598102e-04 -3.704421e-05 9.80985
125.000000 400.000000 0.468000 3.720000 -1.380008 0.336814 0.000000 79.982813 8.954048e-01 1 1 1 328.571436 3.399435e-03 1.167240e+00 4.000000e+02 2.775558e-17 -3.330669e-16 3.652213e+04 8.333041e-03 4.662488e-02 1.847531e-04 1.164095e-03 6.199305e-04 -3.704421e-05 4.20873
125.000000 400.000000 0.494000 3.350000 -1.439573 0.277249 0.000000 81.525577 8.854217e-01 1 1 1 328.571435 3.037161e-03 1.273853e+00 4.000000e+02 0.000000e+00 0.000000e+00 3.976664e+04 9.838096e-03 5.194933e-02 2.089097e-04 1.330431e-03 7.201055e-04 -3.704421e-05 5.75149
125.000000 400.000000 0.520000 2.980000 -1.502358 0.214464 0.000000 85.121741 9.425771e-01 1 1 1 328.571434 2.632785e-03 1.389371e+00 4.000000e+02 -2.220446e-16 5.551115e-16 4.379659e+04 1.142451e-02 5.756158e-02 2.343721e-04 1.505758e-03 8.256954e-04 -3.704421e-05 9.34766
125.000000 400.000000 0.520000 3.350000 -1.502358 0.214464 0.000000 81.113974 3.698320e-01 1 1 1 328.571434 3.505978e-03 1.402874e+00 4.000000e+02 -8.326673e-17 2.220446e-16 3.891339e+04 1.142451e-02 5.756158e-02 2.343721e-04 1.505758e-03 8.256954e-04 -3.704421e-05 5.33989
125.000000 400.000000 0.546000 2.980000 -1.568362 0.148460 0.000000 82.144363 3.250460e-01 1 1 1 328.571432 3.006705e-03 1.525009e+00 4.000000e+02 -3.330669e-16 7.771561e-16 4.280812e+04 1.309227e-02 6.346164e-02 2.611402e-04 1.690076e-03 9.367002e-04 -3.704421e-05 6.37028
125.000000 400.000000 0.572000 2.610000 -1.637587 0.079236 0.000000 86.300317 8.435260e-01 1 1 1 328.571430 2.497335e-03 1.656355e+00 4.000000e+02 1.110223e-16 -4.996004e-16 4.783660e+04 1.484139e-02 6.964951e-02 2.892141e-04 1.883385e-03 1.053120e-03 -3.704422e-05 10.5262
125.000000 400.000000 0.572000 2.980000 -1.637587 0.079236 0.000000 83.200272 3.754899e-01 1 1 1 328.571430 3.435559e-03 1.667264e+00 4.000000e+02 -5.551115e-17 5.551115e-16 4.173592e+04 1.484139e-02 6.964951e-02 2.892141e-04 1.883385e-03 1.053120e-03 -3.704422e-05 7.42619
125.000000 400.000000 0.598000 2.610000 -1.710031 0.006792 0.000000 83.970585 2.926714e-01 1 1 1 328.571429 2.822618e-03 1.805226e+00 4.000000e+02 3.885781e-16 -7.216450e-16 4.658826e+04 1.667186e-02 7.612519e-02 3.185938e-04 2.085686e-03 1.174954e-03 -3.704422e-05 8.1965
125.000000 400.000000 0.624000 2.610000 -1.785694 -0.068872 0.000000 85.658382 4.545406e-01 1 1 1 328.571427 3.195619e-03 1.960713e+00 4.000000e+02 5.551115e-17 -6.106227e-16 4.523582e+04 1.858369e-02 8.288868e-02 3.492792e-04 2.296977e-03 1.302204e-03 -3.704422e-05 9.8843
125.000000 400.000000 0.650000 2.240000 -1.864578 -0.147756 0.000000 87.139264 6.210876e-01 1 1 1 328.571425 2.509920e-03 2.115078e+00 4.000000e+02 0.000000e+00 3.330669e-16 5.165336e+04 2.057687e-02 8.993998e-02 3.812704e-04 2.517260e-03 1.434868e-03 -3.704422e-05 11.3652
