mh mH cba tb Z4 Z5 Z7 chisq tot_hbobs stb uni per mA Gamma_h Gamma_A S T U V W X  chisqdiff
125.000000 375.000000 0.130000 14.080000 -1.000000 1.000000 0.000000 82.406945 9.615023e-01 1 1 1 279.084094 3.495212e-03 1.158045e+00 -5.613038e-03 1.923262e-04 -2.431671e-05 -2.479736e-04 -2.427216e-04 -4.281574e-05 6.63049
125.000000 375.000000 0.156000 11.490000 -1.000000 1.000000 0.000000 83.919114 9.411669e-01 1 1 1 277.413827 3.323990e-03 7.885996e-01 -5.154852e-03 2.872681e-04 -2.215841e-05 -2.019915e-04 -2.154698e-04 -4.310626e-05 8.14266
125.000000 375.000000 0.156000 11.860000 -1.000000 1.000000 0.000000 81.198012 6.543131e-01 1 1 1 277.413827 3.605313e-03 8.375218e-01 -5.154852e-03 2.872681e-04 -2.215841e-05 -2.019915e-04 -2.154698e-04 -4.310626e-05 5.42156
125.000000 375.000000 0.156000 12.230000 -1.000000 1.000000 0.000000 79.430347 8.376932e-01 1 1 1 277.413827 3.906091e-03 8.879951e-01 -5.154852e-03 2.872681e-04 -2.215841e-05 -2.019915e-04 -2.154698e-04 -4.310626e-05 3.65389
125.000000 375.000000 0.182000 9.640000 -1.000000 1.000000 0.000000 85.617114 6.734351e-01 1 1 1 275.426817 3.161700e-03 5.759048e-01 -4.615316e-03 4.077879e-04 -1.895723e-05 -1.477886e-04 -1.833266e-04 -4.345472e-05 9.84066
125.000000 375.000000 0.182000 10.010000 -1.000000 1.000000 0.000000 81.967979 9.170836e-01 1 1 1 275.426817 3.478444e-03 6.168246e-01 -4.615316e-03 4.077879e-04 -1.895723e-05 -1.477886e-04 -1.833266e-04 -4.345472e-05 6.19152
125.000000 375.000000 0.182000 10.380000 -1.000000 1.000000 0.000000 79.630365 8.460847e-01 1 1 1 275.426817 3.821685e-03 6.592867e-01 -4.615316e-03 4.077879e-04 -1.895723e-05 -1.477886e-04 -1.833266e-04 -4.345472e-05 3.85391
125.000000 375.000000 0.208000 8.530000 -1.000000 1.000000 0.000000 83.789795 9.585245e-01 1 1 1 273.116150 3.266648e-03 4.712317e-01 -3.995483e-03 5.582506e-04 -1.435890e-05 -8.544181e-05 -1.463261e-04 -4.386386e-05 8.01334
125.000000 375.000000 0.208000 8.900000 -1.000000 1.000000 0.000000 80.406625 8.730423e-01 1 1 1 273.116150 3.641782e-03 5.072701e-01 -3.995483e-03 5.582506e-04 -1.435890e-05 -8.544181e-05 -1.463261e-04 -4.386386e-05 4.63017
125.000000 375.000000 0.234000 6.310000 -1.000000 1.000000 0.000000 110.336689 9.181151e-01 1 1 1 270.473532 2.149816e-03 2.962687e-01 -3.296631e-03 7.438634e-04 -7.930205e-06 -1.504523e-05 -1.045099e-04 -4.433697e-05 34.5602
125.000000 375.000000 0.234000 7.420000 -1.000000 1.000000 0.000000 85.311920 9.891212e-01 1 1 1 270.473532 3.110232e-03 3.807016e-01 -3.296631e-03 7.438634e-04 -7.930205e-06 -1.504523e-05 -1.045099e-04 -4.433697e-05 9.53546
125.000000 375.000000 0.234000 7.790000 -1.000000 1.000000 0.000000 80.967112 8.892953e-01 1 1 1 270.473532 3.518148e-03 4.118891e-01 -3.296631e-03 7.438634e-04 -7.930205e-06 -1.504523e-05 -1.045099e-04 -4.433697e-05 5.19066
125.000000 375.000000 0.234000 8.160000 -1.000000 1.000000 0.000000 78.732677 9.311404e-01 1 1 1 270.473532 3.969913e-03 4.445973e-01 -3.296631e-03 7.438634e-04 -7.930205e-06 -1.504523e-05 -1.045099e-04 -4.433697e-05 2.95622
125.000000 375.000000 0.260000 6.680000 -1.000000 1.000000 0.000000 84.465444 9.716888e-01 1 1 1 267.489124 3.130690e-03 3.299017e-01 -2.520289e-03 9.707607e-04 8.538412e-07 6.328622e-05 -5.792758e-05 -4.487796e-05 8.68899
125.000000 375.000000 0.260000 7.050000 -1.000000 1.000000 0.000000 80.145026 8.626420e-01 1 1 1 267.489124 3.590272e-03 3.577886e-01 -2.520289e-03 9.707607e-04 8.538412e-07 6.328622e-05 -5.792758e-05 -4.487796e-05 4.36857
125.000000 375.000000 0.260000 7.420000 -1.000000 1.000000 0.000000 78.406777 9.376153e-01 1 1 1 267.489124 4.104024e-03 3.871831e-01 -2.520289e-03 9.707607e-04 8.538412e-07 6.328622e-05 -5.792758e-05 -4.487796e-05 2.63032
125.000000 375.000000 0.286000 5.940000 -1.000000 1.000000 0.000000 85.935716 9.997620e-01 1 1 1 264.151342 2.983337e-03 2.835733e-01 -1.668288e-03 1.246111e-03 1.262641e-05 1.494130e-04 -6.638836e-06 -4.549147e-05 10.1593
125.000000 375.000000 0.286000 6.310000 -1.000000 1.000000 0.000000 80.601009 8.754569e-01 1 1 1 264.151342 3.472413e-03 3.081849e-01 -1.668288e-03 1.246111e-03 1.262641e-05 1.494130e-04 -6.638836e-06 -4.549147e-05 4.82455
125.000000 375.000000 0.286000 6.680000 -1.000000 1.000000 0.000000 78.448100 9.329561e-01 1 1 1 264.151342 4.027100e-03 3.342901e-01 -1.668288e-03 1.246111e-03 1.262641e-05 1.494130e-04 -6.638836e-06 -4.549147e-05 2.67164
125.000000 375.000000 0.312000 5.570000 -1.000000 1.000000 0.000000 82.763657 9.313387e-01 1 1 1 260.446600 3.179093e-03 2.623306e-01 -7.428030e-04 1.578247e-03 2.814991e-05 2.431658e-04 4.928549e-05 -4.618295e-05 6.9872
125.000000 375.000000 0.312000 5.940000 -1.000000 1.000000 0.000000 78.954227 8.056100e-01 1 1 1 260.446600 3.747213e-03 2.851788e-01 -7.428030e-04 1.578247e-03 2.814991e-05 2.431658e-04 4.928549e-05 -4.618295e-05 3.17777
125.000000 375.000000 0.338000 5.200000 -1.000000 1.000000 0.000000 81.176211 8.862749e-01 1 1 1 256.358989 3.297611e-03 2.391545e-01 2.535760e-04 1.976833e-03 4.834315e-05 3.443386e-04 1.097610e-04 -4.695880e-05 5.39975
125.000000 375.000000 0.338000 5.570000 -1.000000 1.000000 0.000000 78.546531 9.268220e-01 1 1 1 256.358989 3.936990e-03 2.602465e-01 2.535760e-04 1.976833e-03 4.834315e-05 3.443386e-04 1.097610e-04 -4.695880e-05 2.77007
125.000000 375.000000 0.364000 5.200000 -1.000000 1.000000 0.000000 78.682231 4.500201e-01 1 1 1 251.869870 4.029676e-03 2.328760e-01 1.317761e-03 2.453073e-03 7.431661e-05 4.526801e-04 1.746870e-04 -4.782654e-05 2.90577
125.000000 375.000000 0.390000 4.830000 -1.000000 1.000000 0.000000 78.945778 4.425790e-01 1 1 1 246.957347 4.019239e-03 2.027583e-01 2.446057e-03 3.019971e-03 1.074187e-04 5.678813e-04 2.439431e-04 -4.879500e-05 3.16932
125.000000 375.000000 0.416000 4.460000 -1.000000 1.000000 0.000000 79.161155 4.283708e-01 1 1 1 241.595595 3.905681e-03 1.698981e-01 3.634017e-03 3.692671e-03 1.492973e-04 6.895601e-04 3.173843e-04 -4.987458e-05 3.3847
125.000000 375.000000 0.442000 4.090000 -1.000000 1.000000 0.000000 79.382547 4.074046e-01 1 1 1 235.753964 3.695047e-03 1.347873e-01 4.876252e-03 4.488899e-03 2.019825e-04 8.172385e-04 3.948355e-04 -5.107757e-05 3.60609
125.000000 375.000000 0.442000 4.460000 -1.000000 1.000000 0.000000 82.891805 4.571536e-01 1 1 1 235.753964 4.636242e-03 1.503774e-01 4.876252e-03 4.488899e-03 2.019825e-04 8.172385e-04 3.948355e-04 -5.107757e-05 7.11535
125.000000 375.000000 0.468000 3.720000 -1.000000 1.000000 0.000000 79.930421 8.954045e-01 1 1 1 229.395796 3.399462e-03 9.871949e-02 6.166178e-03 5.429542e-03 2.680001e-04 9.503126e-04 4.760828e-04 -5.241856e-05 4.15396
125.000000 375.000000 0.468000 4.090000 -1.000000 1.000000 0.000000 82.319375 4.345056e-01 1 1 1 229.395796 4.344965e-03 1.126236e-01 6.166178e-03 5.429542e-03 2.680001e-04 9.503126e-04 4.760828e-04 -5.241856e-05 6.54292
125.000000 375.000000 0.494000 3.350000 -1.000000 1.000000 0.000000 81.455952 8.854105e-01 1 1 1 222.476811 3.037199e-03 6.454287e-02 7.495657e-03 6.539439e-03 3.505301e-04 1.088008e-03 5.608628e-04 -5.391492e-05 5.6795
125.000000 375.000000 0.494000 3.720000 -1.000000 1.000000 0.000000 81.496706 4.057515e-01 1 1 1 222.476811 3.961195e-03 7.679101e-02 7.495657e-03 6.539439e-03 3.505301e-04 1.088008e-03 5.608628e-04 -5.391492e-05 5.72025
125.000000 375.000000 0.494000 4.090000 -1.000000 1.000000 0.000000 89.170013 4.522047e-01 1 1 1 222.476811 5.082706e-03 9.035260e-02 7.495657e-03 6.539439e-03 3.505301e-04 1.088008e-03 5.608628e-04 -5.391492e-05 13.3936
125.000000 375.000000 0.520000 2.980000 -1.000000 1.000000 0.000000 85.032349 9.425578e-01 1 1 1 214.942856 2.632838e-03 4.246996e-02 8.854511e-03 7.848462e-03 4.536331e-04 1.229315e-03 6.488472e-04 -5.558752e-05 9.25589
125.000000 375.000000 0.520000 3.350000 -1.000000 1.000000 0.000000 81.040711 3.698289e-01 1 1 1 214.942856 3.506006e-03 5.309608e-02 8.854511e-03 7.848462e-03 4.536331e-04 1.229315e-03 6.488472e-04 -5.558752e-05 5.26425
125.000000 375.000000 0.520000 3.720000 -1.000000 1.000000 0.000000 87.129944 4.233251e-01 1 1 1 214.942856 4.598993e-03 6.500748e-02 8.854511e-03 7.848462e-03 4.536331e-04 1.229315e-03 6.488472e-04 -5.558752e-05 11.3535
125.000000 375.000000 0.546000 2.980000 -1.000000 1.000000 0.000000 82.036266 3.250411e-01 1 1 1 206.726707 3.006749e-03 4.037149e-02 1.022981e-02 9.393065e-03 5.825820e-04 1.372895e-03 7.396210e-04 -5.746156e-05 6.25981
125.000000 375.000000 0.546000 3.350000 -1.000000 1.000000 0.000000 84.775113 3.883264e-01 1 1 1 206.726707 4.039925e-03 5.067075e-02 1.022981e-02 9.393065e-03 5.825820e-04 1.372895e-03 7.396210e-04 -5.746156e-05 8.99866
125.000000 375.000000 0.546000 3.720000 -1.000000 1.000000 0.000000 95.858811 4.330290e-01 1 1 1 206.726707 5.315229e-03 6.221194e-02 1.022981e-02 9.393065e-03 5.825820e-04 1.372895e-03 7.396210e-04 -5.746156e-05 20.0824
125.000000 375.000000 0.572000 2.610000 -1.000000 1.000000 0.000000 86.144849 8.435029e-01 1 1 1 197.743347 2.497403e-03 2.987504e-02 1.160485e-02 1.121853e-02 7.443632e-04 1.516924e-03 8.326512e-04 -5.956776e-05 10.3684
125.000000 375.000000 0.572000 2.980000 -1.000000 1.000000 0.000000 83.091516 3.455834e-01 1 1 1 197.743347 3.435592e-03 3.860437e-02 1.160485e-02 1.121853e-02 7.443632e-04 1.516924e-03 8.326512e-04 -5.956776e-05 7.31506
125.000000 375.000000 0.572000 3.350000 -1.000000 1.000000 0.000000 92.130289 3.990276e-01 1 1 1 197.743347 4.641294e-03 4.854252e-02 1.160485e-02 1.121853e-02 7.443632e-04 1.516924e-03 8.326512e-04 -5.956776e-05 16.3538
125.000000 375.000000 0.598000 2.240000 -1.000000 1.000000 0.000000 95.268506 9.342045e-01 1 1 1 187.882760 2.019378e-03 2.124014e-02 1.295753e-02 1.338241e-02 9.484635e-04 1.658857e-03 9.272390e-04 -6.194386e-05 19.492
125.000000 375.000000 0.598000 2.610000 -1.000000 1.000000 0.000000 83.790531 3.324675e-01 1 1 1 187.882760 2.822676e-03 2.844455e-02 1.295753e-02 1.338241e-02 9.484635e-04 1.658857e-03 9.272390e-04 -6.194386e-05 8.01407
125.000000 375.000000 0.598000 2.980000 -1.000000 1.000000 0.000000 88.202964 3.584053e-01 1 1 1 187.882760 3.921661e-03 3.682684e-02 1.295753e-02 1.338241e-02 9.484635e-04 1.658857e-03 9.272390e-04 -6.194386e-05 12.4265
125.000000 375.000000 0.598000 3.350000 -1.000000 1.000000 0.000000 101.947945 4.028472e-01 1 1 1 187.882760 5.312703e-03 4.636422e-02 1.295753e-02 1.338241e-02 9.484635e-04 1.658857e-03 9.272390e-04 -6.194386e-05 26.1715
125.000000 375.000000 0.624000 2.240000 -1.000000 1.000000 0.000000 89.579645 7.678740e-01 1 1 1 176.998394 2.245264e-03 2.007883e-02 1.425789e-02 1.595992e-02 1.208157e-03 1.795009e-03 1.022446e-03 -6.463675e-05 13.8032
125.000000 375.000000 0.624000 2.610000 -1.000000 1.000000 0.000000 85.478574 3.703436e-01 1 1 1 176.998394 3.195664e-03 2.695714e-02 1.425789e-02 1.595992e-02 1.208157e-03 1.795009e-03 1.022446e-03 -6.463675e-05 9.70212
125.000000 375.000000 0.624000 2.980000 -1.000000 1.000000 0.000000 96.597163 3.641800e-01 1 1 1 176.998394 4.467520e-03 3.495065e-02 1.425789e-02 1.595992e-02 1.208157e-03 1.795009e-03 1.022446e-03 -6.463675e-05 20.8207
125.000000 375.000000 0.624000 3.350000 -1.000000 1.000000 0.000000 113.309425 4.006632e-01 1 1 1 176.998394 6.057045e-03 4.404033e-02 1.425789e-02 1.595992e-02 1.208157e-03 1.795009e-03 1.022446e-03 -6.463675e-05 37.533
125.000000 375.000000 0.650000 2.240000 -1.000000 1.000000 0.000000 86.818452 6.210668e-01 1 1 1 164.887633 2.510003e-03 1.886526e-02 1.546393e-02 1.905301e-02 1.542734e-03 1.919817e-03 1.116970e-03 -6.770537e-05 11.042
125.000000 375.000000 0.650000 2.610000 -1.000000 1.000000 0.000000 91.278678 3.379538e-01 1 1 1 164.887633 3.618890e-03 2.537452e-02 1.546393e-02 1.905301e-02 1.542734e-03 1.919817e-03 1.116970e-03 -6.770537e-05 15.5022
125.000000 375.000000 0.650000 2.980000 -1.000000 1.000000 0.000000 107.286117 3.636540e-01 1 1 1 164.887633 5.076064e-03 3.293152e-02 1.546393e-02 1.905301e-02 1.542734e-03 1.919817e-03 1.116970e-03 -6.770537e-05 31.5097
