mh mH cba tb Z4 Z5 Z7 chisq tot_hbobs stb uni per mA Gamma_h Gamma_A S T U V W X  chisqdiff
125.000000 300.000000 0.208000 8.530000 -1.000000 1.000000 0.000000 83.786278 9.585188e-01 1 1 1 161.733334 3.266667e-03 2.640271e-01 -9.942327e-03 1.538975e-03 1.078172e-04 -4.417750e-04 -4.050049e-04 -6.851474e-05 7.99715
125.000000 300.000000 0.208000 8.900000 -1.000000 1.000000 0.000000 80.393970 9.437788e-01 1 1 1 161.733334 3.641803e-03 2.874302e-01 -9.942327e-03 1.538975e-03 1.078172e-04 -4.417750e-04 -4.050049e-04 -6.851474e-05 4.60485
125.000000 300.000000 0.234000 6.310000 -1.000000 1.000000 0.000000 110.348339 9.181113e-01 1 1 1 159.069022 2.149826e-03 1.425041e-01 -9.500674e-03 1.992556e-03 1.500330e-04 -3.872353e-04 -3.703015e-04 -6.920103e-05 34.5592
125.000000 300.000000 0.234000 7.420000 -1.000000 1.000000 0.000000 85.310115 9.891154e-01 1 1 1 159.069022 3.110250e-03 1.970435e-01 -9.500674e-03 1.992556e-03 1.500330e-04 -3.872353e-04 -3.703015e-04 -6.920103e-05 9.52099
125.000000 300.000000 0.234000 7.790000 -1.000000 1.000000 0.000000 80.955632 8.892899e-01 1 1 1 159.069022 3.518169e-03 2.171847e-01 -9.500674e-03 1.992556e-03 1.500330e-04 -3.872353e-04 -3.703015e-04 -6.920103e-05 5.16651
125.000000 300.000000 0.234000 8.160000 -1.000000 1.000000 0.000000 78.709596 9.311401e-01 1 1 1 159.069022 3.969937e-03 2.383063e-01 -9.500674e-03 1.992556e-03 1.500330e-04 -3.872353e-04 -3.703015e-04 -6.920103e-05 2.92047
125.000000 300.000000 0.234000 8.530000 -1.000000 1.000000 0.000000 78.396435 7.839234e-01 1 1 1 159.069022 4.465538e-03 2.604083e-01 -9.500674e-03 1.992556e-03 1.500330e-04 -3.872353e-04 -3.703015e-04 -6.920103e-05 2.60731
125.000000 300.000000 0.234000 8.900000 -1.000000 1.000000 0.000000 79.786123 8.623158e-01 1 1 1 159.069022 5.004958e-03 2.834907e-01 -9.500674e-03 1.992556e-03 1.500330e-04 -3.872353e-04 -3.703015e-04 -6.920103e-05 3.997
125.000000 300.000000 0.234000 9.270000 -1.000000 1.000000 0.000000 82.643902 9.459584e-01 1 1 1 159.069022 5.588185e-03 3.075533e-01 -9.500674e-03 1.992556e-03 1.500330e-04 -3.872353e-04 -3.703015e-04 -6.920103e-05 6.85478
125.000000 300.000000 0.260000 6.680000 -1.000000 1.000000 0.000000 84.461336 9.716832e-01 1 1 1 156.037436 3.130708e-03 1.571712e-01 -9.016751e-03 2.523484e-03 2.007300e-04 -3.273428e-04 -3.318551e-04 -6.998451e-05 8.67221
125.000000 300.000000 0.260000 7.050000 -1.000000 1.000000 0.000000 80.129677 8.626367e-01 1 1 1 156.037436 3.590293e-03 1.750630e-01 -9.016751e-03 2.523484e-03 2.007300e-04 -3.273428e-04 -3.318551e-04 -6.998451e-05 4.34055
125.000000 300.000000 0.260000 7.420000 -1.000000 1.000000 0.000000 78.377825 9.376149e-01 1 1 1 156.037436 4.104049e-03 1.939200e-01 -9.016751e-03 2.523484e-03 2.007300e-04 -3.273428e-04 -3.318551e-04 -6.998451e-05 2.5887
125.000000 300.000000 0.260000 7.790000 -1.000000 1.000000 0.000000 78.923196 7.613383e-01 1 1 1 156.037436 4.671947e-03 2.137419e-01 -9.016751e-03 2.523484e-03 2.007300e-04 -3.273428e-04 -3.318551e-04 -6.998451e-05 3.13407
125.000000 300.000000 0.260000 8.160000 -1.000000 1.000000 0.000000 81.495122 8.359184e-01 1 1 1 156.037436 5.293965e-03 2.345288e-01 -9.016751e-03 2.523484e-03 2.007300e-04 -3.273428e-04 -3.318551e-04 -6.998451e-05 5.706
125.000000 300.000000 0.260000 8.530000 -1.000000 1.000000 0.000000 85.431832 9.112347e-01 1 1 1 156.037436 5.970083e-03 2.562806e-01 -9.016751e-03 2.523484e-03 2.007300e-04 -3.273428e-04 -3.318551e-04 -6.998451e-05 9.64271
125.000000 300.000000 0.260000 8.900000 -1.000000 1.000000 0.000000 90.408707 9.869880e-01 1 1 1 156.037436 6.700287e-03 2.789971e-01 -9.016751e-03 2.523484e-03 2.007300e-04 -3.273428e-04 -3.318551e-04 -6.998451e-05 14.6196
125.000000 300.000000 0.286000 5.940000 -1.000000 1.000000 0.000000 85.850425 9.997563e-01 1 1 1 152.616689 2.983354e-03 1.220176e-01 -8.494503e-03 3.141136e-03 2.613900e-04 -2.625597e-04 -2.898037e-04 -7.087137e-05 10.0613
125.000000 300.000000 0.286000 6.310000 -1.000000 1.000000 0.000000 80.511803 8.754517e-01 1 1 1 152.616689 3.472433e-03 1.376881e-01 -8.494503e-03 3.141136e-03 2.613900e-04 -2.625597e-04 -2.898037e-04 -7.087137e-05 4.72268
125.000000 300.000000 0.286000 6.680000 -1.000000 1.000000 0.000000 78.350938 9.329558e-01 1 1 1 152.616689 4.027124e-03 1.543063e-01 -8.494503e-03 3.141136e-03 2.613900e-04 -2.625597e-04 -2.898037e-04 -7.087137e-05 2.56181
125.000000 300.000000 0.286000 7.050000 -1.000000 1.000000 0.000000 79.022099 5.953488e-01 1 1 1 152.616689 4.647378e-03 1.718722e-01 -8.494503e-03 3.141136e-03 2.613900e-04 -2.625597e-04 -2.898037e-04 -7.087137e-05 3.23297
125.000000 300.000000 0.286000 7.420000 -1.000000 1.000000 0.000000 82.088845 6.759076e-01 1 1 1 152.616689 5.333156e-03 1.903856e-01 -8.494503e-03 3.141136e-03 2.613900e-04 -2.625597e-04 -2.898037e-04 -7.087137e-05 6.29972
125.000000 300.000000 0.286000 7.790000 -1.000000 1.000000 0.000000 86.763206 7.536339e-01 1 1 1 152.616689 6.084428e-03 2.098464e-01 -8.494503e-03 3.141136e-03 2.613900e-04 -2.625597e-04 -2.898037e-04 -7.087137e-05 10.9741
125.000000 300.000000 0.286000 8.160000 -1.000000 1.000000 0.000000 92.633797 8.249748e-01 1 1 1 152.616689 6.901169e-03 2.302545e-01 -8.494503e-03 3.141136e-03 2.613900e-04 -2.625597e-04 -2.898037e-04 -7.087137e-05 16.8447
125.000000 300.000000 0.286000 8.530000 -1.000000 1.000000 0.000000 99.218113 8.972618e-01 1 1 1 152.616689 7.783358e-03 2.516099e-01 -8.494503e-03 3.141136e-03 2.613900e-04 -2.625597e-04 -2.898037e-04 -7.087137e-05 23.429
125.000000 300.000000 0.286000 8.900000 -1.000000 1.000000 0.000000 106.075081 9.717675e-01 1 1 1 152.616689 8.730978e-03 2.739125e-01 -8.494503e-03 3.141136e-03 2.613900e-04 -2.625597e-04 -2.898037e-04 -7.087137e-05 30.286
125.000000 300.000000 0.312000 5.570000 -1.000000 1.000000 0.000000 92.163046 9.313334e-01 1 1 1 148.779943 3.179111e-03 1.050529e-01 -7.938756e-03 3.856778e-03 3.338611e-04 -1.934715e-04 -2.443158e-04 -7.186885e-05 16.3739
125.000000 300.000000 0.312000 5.940000 -1.000000 1.000000 0.000000 96.925337 8.056051e-01 1 1 1 148.779943 3.747235e-03 1.194681e-01 -7.938756e-03 3.856778e-03 3.338611e-04 -1.934715e-04 -2.443158e-04 -7.186885e-05 21.1362
125.000000 300.000000 0.312000 6.310000 -1.000000 1.000000 0.000000 106.857545 4.838065e-01 1 1 1 148.779943 4.393479e-03 1.348114e-01 -7.938756e-03 3.856778e-03 3.338611e-04 -1.934715e-04 -2.443158e-04 -7.186885e-05 31.0684
125.000000 300.000000 0.312000 6.680000 -1.000000 1.000000 0.000000 120.438306 5.185803e-01 1 1 1 148.779943 5.117775e-03 1.510827e-01 -7.938756e-03 3.856778e-03 3.338611e-04 -1.934715e-04 -2.443158e-04 -7.186885e-05 44.6492
125.000000 300.000000 0.312000 7.050000 -1.000000 1.000000 0.000000 135.916222 5.769014e-01 1 1 1 148.779943 5.920072e-03 1.682819e-01 -7.938756e-03 3.856778e-03 3.338611e-04 -1.934715e-04 -2.443158e-04 -7.186885e-05 60.1271
125.000000 300.000000 0.312000 7.420000 -1.000000 1.000000 0.000000 151.740270 6.410016e-01 1 1 1 148.779943 6.800326e-03 1.864087e-01 -7.938756e-03 3.856778e-03 3.338611e-04 -1.934715e-04 -2.443158e-04 -7.186885e-05 75.9511
125.000000 300.000000 0.312000 7.790000 -1.000000 1.000000 0.000000 167.012519 7.135889e-01 1 1 1 148.779943 7.758505e-03 2.054630e-01 -7.938756e-03 3.856778e-03 3.338611e-04 -1.934715e-04 -2.443158e-04 -7.186885e-05 91.2234
125.000000 300.000000 0.312000 8.160000 -1.000000 1.000000 0.000000 181.039834 7.953398e-01 1 1 1 148.779943 8.794581e-03 2.254449e-01 -7.938756e-03 3.856778e-03 3.338611e-04 -1.934715e-04 -2.443158e-04 -7.186885e-05 105.251
125.000000 300.000000 0.312000 8.530000 -1.000000 1.000000 0.000000 193.593930 8.885033e-01 1 1 1 148.779943 9.908532e-03 2.463543e-01 -7.938756e-03 3.856778e-03 3.338611e-04 -1.934715e-04 -2.443158e-04 -7.186885e-05 117.805
125.000000 300.000000 0.312000 8.900000 -1.000000 1.000000 0.000000 204.621938 9.717675e-01 1 1 1 148.779943 1.110034e-02 2.681911e-01 -7.938756e-03 3.856778e-03 3.338611e-04 -1.934715e-04 -2.443158e-04 -7.186885e-05 128.833
125.000000 300.000000 0.338000 5.200000 -1.000000 1.000000 0.000000 84.719690 8.862698e-01 1 1 1 144.494062 3.297629e-03 8.937462e-02 -7.355452e-03 4.683993e-03 4.204647e-04 -1.208275e-04 -1.955988e-04 -7.298540e-05 8.93057
125.000000 300.000000 0.338000 5.570000 -1.000000 1.000000 0.000000 88.749222 9.268217e-01 1 1 1 144.494062 3.937013e-03 1.025390e-01 -7.355452e-03 4.683993e-03 4.204647e-04 -1.208275e-04 -1.955988e-04 -7.298540e-05 12.9601
125.000000 300.000000 0.338000 5.940000 -1.000000 1.000000 0.000000 98.293967 4.915895e-01 1 1 1 144.494062 4.668135e-03 1.166096e-01 -7.355452e-03 4.683993e-03 4.204647e-04 -1.208275e-04 -1.955988e-04 -7.298540e-05 22.5048
125.000000 300.000000 0.338000 6.310000 -1.000000 1.000000 0.000000 111.465745 5.254892e-01 1 1 1 144.494062 5.490902e-03 1.315862e-01 -7.355452e-03 4.683993e-03 4.204647e-04 -1.208275e-04 -1.955988e-04 -7.298540e-05 35.6766
125.000000 300.000000 0.338000 6.680000 -1.000000 1.000000 0.000000 126.525122 5.532870e-01 1 1 1 144.494062 6.405243e-03 1.474685e-01 -7.355452e-03 4.683993e-03 4.204647e-04 -1.208275e-04 -1.955988e-04 -7.298540e-05 50.736
125.000000 300.000000 0.338000 7.050000 -1.000000 1.000000 0.000000 142.218183 5.931933e-01 1 1 1 144.494062 7.411100e-03 1.642563e-01 -7.355452e-03 4.683993e-03 4.204647e-04 -1.208275e-04 -1.955988e-04 -7.298540e-05 66.4291
125.000000 300.000000 0.338000 7.420000 -1.000000 1.000000 0.000000 157.328290 6.501587e-01 1 1 1 144.494062 8.508427e-03 1.819496e-01 -7.355452e-03 4.683993e-03 4.204647e-04 -1.208275e-04 -1.955988e-04 -7.298540e-05 81.5392
125.000000 300.000000 0.338000 7.790000 -1.000000 1.000000 0.000000 171.068521 7.117289e-01 1 1 1 144.494062 9.697189e-03 2.005483e-01 -7.355452e-03 4.683993e-03 4.204647e-04 -1.208275e-04 -1.955988e-04 -7.298540e-05 95.2794
125.000000 300.000000 0.338000 8.160000 -1.000000 1.000000 0.000000 183.687639 7.794481e-01 1 1 1 144.494062 1.097736e-02 2.200523e-01 -7.355452e-03 4.683993e-03 4.204647e-04 -1.208275e-04 -1.955988e-04 -7.298540e-05 107.899
125.000000 300.000000 0.338000 8.530000 -1.000000 1.000000 0.000000 194.805053 8.551148e-01 1 1 1 144.494062 1.234890e-02 2.404616e-01 -7.355452e-03 4.683993e-03 4.204647e-04 -1.208275e-04 -1.955988e-04 -7.298540e-05 119.016
125.000000 300.000000 0.338000 8.900000 -1.000000 1.000000 0.000000 204.656998 9.383734e-01 1 1 1 144.494062 1.381181e-02 2.617761e-01 -7.355452e-03 4.683993e-03 4.204647e-04 -1.208275e-04 -1.955988e-04 -7.298540e-05 128.868
125.000000 300.000000 0.364000 5.200000 -1.000000 1.000000 0.000000 85.010158 4.500174e-01 1 1 1 139.717720 4.029699e-03 8.692188e-02 -6.751953e-03 5.639278e-03 5.241473e-04 -4.559825e-05 -1.439087e-04 -7.423091e-05 9.22103
125.000000 300.000000 0.364000 5.570000 -1.000000 1.000000 0.000000 93.499356 4.919135e-01 1 1 1 139.717720 4.835900e-03 9.972556e-02 -6.751953e-03 5.639278e-03 5.241473e-04 -4.559825e-05 -1.439087e-04 -7.423091e-05 17.7102
125.000000 300.000000 0.364000 5.940000 -1.000000 1.000000 0.000000 105.685410 5.256459e-01 1 1 1 139.717720 5.748451e-03 1.134105e-01 -6.751953e-03 5.639278e-03 5.241473e-04 -4.559825e-05 -1.439087e-04 -7.423091e-05 29.8963
125.000000 300.000000 0.364000 6.310000 -1.000000 1.000000 0.000000 119.963088 5.528830e-01 1 1 1 139.717720 6.767252e-03 1.279765e-01 -6.751953e-03 5.639278e-03 5.241473e-04 -4.559825e-05 -1.439087e-04 -7.423091e-05 44.174
125.000000 300.000000 0.364000 6.680000 -1.000000 1.000000 0.000000 134.826935 5.750082e-01 1 1 1 139.717720 7.892226e-03 1.434233e-01 -6.751953e-03 5.639278e-03 5.241473e-04 -4.559825e-05 -1.439087e-04 -7.423091e-05 59.0378
125.000000 300.000000 0.364000 7.050000 -1.000000 1.000000 0.000000 149.328404 6.215478e-01 1 1 1 139.717720 9.123311e-03 1.597508e-01 -6.751953e-03 5.639278e-03 5.241473e-04 -4.559825e-05 -1.439087e-04 -7.423091e-05 73.5393
125.000000 300.000000 0.364000 7.420000 -1.000000 1.000000 0.000000 162.866035 6.736842e-01 1 1 1 139.717720 1.046046e-02 1.769590e-01 -6.751953e-03 5.639278e-03 5.241473e-04 -4.559825e-05 -1.439087e-04 -7.423091e-05 87.0769
125.000000 300.000000 0.364000 7.790000 -1.000000 1.000000 0.000000 175.231383 7.275311e-01 1 1 1 139.717720 1.190363e-02 1.950476e-01 -6.751953e-03 5.639278e-03 5.241473e-04 -4.559825e-05 -1.439087e-04 -7.423091e-05 99.4423
125.000000 300.000000 0.364000 8.160000 -1.000000 1.000000 0.000000 186.109653 7.876923e-01 1 1 1 139.717720 1.345280e-02 2.140167e-01 -6.751953e-03 5.639278e-03 5.241473e-04 -4.559825e-05 -1.439087e-04 -7.423091e-05 110.321
125.000000 300.000000 0.364000 8.530000 -1.000000 1.000000 0.000000 195.938562 8.515593e-01 1 1 1 139.717720 1.510792e-02 2.338662e-01 -6.751953e-03 5.639278e-03 5.241473e-04 -4.559825e-05 -1.439087e-04 -7.423091e-05 120.149
125.000000 300.000000 0.364000 8.900000 -1.000000 1.000000 0.000000 204.632409 9.214848e-01 1 1 1 139.717720 1.686900e-02 2.545960e-01 -6.751953e-03 5.639278e-03 5.241473e-04 -4.559825e-05 -1.439087e-04 -7.423091e-05 128.843
125.000000 300.000000 0.390000 4.830000 -1.000000 1.000000 0.000000 82.905967 4.425763e-01 1 1 1 134.398638 4.019263e-03 7.263084e-02 -6.137489e-03 6.742866e-03 6.487011e-04 3.093720e-05 -8.956576e-05 -7.561692e-05 7.11684
125.000000 300.000000 0.390000 5.200000 -1.000000 1.000000 0.000000 90.684450 4.859142e-01 1 1 1 134.398638 4.887606e-03 8.417702e-02 -6.137489e-03 6.742866e-03 6.487011e-04 3.093720e-05 -8.956576e-05 -7.561692e-05 14.8953
125.000000 300.000000 0.390000 5.570000 -1.000000 1.000000 0.000000 102.370658 5.202123e-01 1 1 1 134.398638 5.878133e-03 9.657691e-02 -6.137489e-03 6.742866e-03 6.487011e-04 3.093720e-05 -8.956576e-05 -7.561692e-05 26.5815
125.000000 300.000000 0.390000 5.940000 -1.000000 1.000000 0.000000 116.178966 5.474659e-01 1 1 1 134.398638 6.990703e-03 1.098302e-01 -6.137489e-03 6.742866e-03 6.487011e-04 3.093720e-05 -8.956576e-05 -7.561692e-05 40.3898
125.000000 300.000000 0.390000 6.310000 -1.000000 1.000000 0.000000 130.559976 5.692858e-01 1 1 1 134.398638 8.225207e-03 1.239366e-01 -6.137489e-03 6.742866e-03 6.487011e-04 3.093720e-05 -8.956576e-05 -7.561692e-05 54.7709
125.000000 300.000000 0.390000 6.680000 -1.000000 1.000000 0.000000 144.568317 5.983930e-01 1 1 1 134.398638 9.581562e-03 1.388960e-01 -6.137489e-03 6.742866e-03 6.487011e-04 3.093720e-05 -8.956576e-05 -7.561692e-05 68.7792
125.000000 300.000000 0.390000 7.050000 -1.000000 1.000000 0.000000 157.662350 6.501587e-01 1 1 1 134.398638 1.105970e-02 1.547083e-01 -6.137489e-03 6.742866e-03 6.487011e-04 3.093720e-05 -8.956576e-05 -7.561692e-05 81.8732
125.000000 300.000000 0.390000 7.420000 -1.000000 1.000000 0.000000 169.595543 7.037801e-01 1 1 1 134.398638 1.265958e-02 1.713734e-01 -6.137489e-03 6.742866e-03 6.487011e-04 3.093720e-05 -8.956576e-05 -7.561692e-05 93.8064
125.000000 300.000000 0.390000 7.790000 -1.000000 1.000000 0.000000 180.380298 7.592215e-01 1 1 1 134.398638 1.438114e-02 1.888911e-01 -6.137489e-03 6.742866e-03 6.487011e-04 3.093720e-05 -8.956576e-05 -7.561692e-05 104.591
125.000000 300.000000 0.390000 8.160000 -1.000000 1.000000 0.000000 190.049500 8.175649e-01 1 1 1 134.398638 1.622437e-02 2.072615e-01 -6.137489e-03 6.742866e-03 6.487011e-04 3.093720e-05 -8.956576e-05 -7.561692e-05 114.26
125.000000 300.000000 0.390000 8.530000 -1.000000 1.000000 0.000000 198.453853 8.780279e-01 1 1 1 134.398638 1.818922e-02 2.264844e-01 -6.137489e-03 6.742866e-03 6.487011e-04 3.093720e-05 -8.956576e-05 -7.561692e-05 122.665
125.000000 300.000000 0.416000 4.460000 -1.000000 1.000000 0.000000 81.588873 4.283683e-01 1 1 1 128.469418 3.905703e-03 5.967310e-02 -5.523787e-03 8.019927e-03 7.990932e-04 1.070580e-04 -3.297534e-05 -7.715692e-05 5.79975
125.000000 300.000000 0.416000 4.830000 -1.000000 1.000000 0.000000 88.730535 4.742436e-01 1 1 1 128.469418 4.820106e-03 6.997496e-02 -5.523787e-03 8.019927e-03 7.990932e-04 1.070580e-04 -3.297534e-05 -7.715692e-05 12.9414
125.000000 300.000000 0.416000 5.200000 -1.000000 1.000000 0.000000 100.197864 5.099112e-01 1 1 1 128.469418 5.873675e-03 8.109963e-02 -5.523787e-03 8.019927e-03 7.990932e-04 1.070580e-04 -3.297534e-05 -7.715692e-05 24.4087
125.000000 300.000000 0.416000 5.570000 -1.000000 1.000000 0.000000 113.906920 5.377735e-01 1 1 1 128.469418 7.066208e-03 9.304671e-02 -5.523787e-03 8.019927e-03 7.990932e-04 1.070580e-04 -3.297534e-05 -7.715692e-05 38.1178
125.000000 300.000000 0.416000 5.940000 -1.000000 1.000000 0.000000 128.149915 5.597347e-01 1 1 1 128.469418 8.397553e-03 1.058159e-01 -5.523787e-03 8.019927e-03 7.990932e-04 1.070580e-04 -3.297534e-05 -7.715692e-05 52.3608
125.000000 300.000000 0.416000 6.310000 -1.000000 1.000000 0.000000 141.934335 5.772320e-01 1 1 1 128.469418 9.867595e-03 1.194070e-01 -5.523787e-03 8.019927e-03 7.990932e-04 1.070580e-04 -3.297534e-05 -7.715692e-05 66.1452
125.000000 300.000000 0.416000 6.680000 -1.000000 1.000000 0.000000 154.739069 6.081663e-01 1 1 1 128.469418 1.147625e-02 1.338199e-01 -5.523787e-03 8.019927e-03 7.990932e-04 1.070580e-04 -3.297534e-05 -7.715692e-05 78.9499
125.000000 300.000000 0.416000 7.050000 -1.000000 1.000000 0.000000 166.384111 6.590507e-01 1 1 1 128.469418 1.322344e-02 1.490544e-01 -5.523787e-03 8.019927e-03 7.990932e-04 1.070580e-04 -3.297534e-05 -7.715692e-05 90.595
125.000000 300.000000 0.416000 7.420000 -1.000000 1.000000 0.000000 176.869458 7.123478e-01 1 1 1 128.469418 1.510911e-02 1.651105e-01 -5.523787e-03 8.019927e-03 7.990932e-04 1.070580e-04 -3.297534e-05 -7.715692e-05 101.08
125.000000 300.000000 0.416000 7.790000 -1.000000 1.000000 0.000000 186.245058 7.684803e-01 1 1 1 128.469418 1.713322e-02 1.819881e-01 -5.523787e-03 8.019927e-03 7.990932e-04 1.070580e-04 -3.297534e-05 -7.715692e-05 110.456
125.000000 300.000000 0.442000 4.090000 -1.000000 1.000000 0.000000 80.703525 4.074022e-01 1 1 1 121.841019 3.695068e-03 4.804860e-02 -4.926028e-03 9.502337e-03 9.819764e-04 1.803873e-04 2.534034e-05 -7.886674e-05 4.9144
125.000000 300.000000 0.442000 4.460000 -1.000000 1.000000 0.000000 87.001692 4.571509e-01 1 1 1 121.841019 4.636268e-03 5.712311e-02 -4.926028e-03 9.502337e-03 9.819764e-04 1.803873e-04 2.534034e-05 -7.886674e-05 11.2126
125.000000 300.000000 0.442000 4.830000 -1.000000 1.000000 0.000000 98.366331 4.951278e-01 1 1 1 121.841019 5.734805e-03 6.698567e-02 -4.926028e-03 9.502337e-03 9.819764e-04 1.803873e-04 2.534034e-05 -7.886674e-05 22.5772
125.000000 300.000000 0.442000 5.200000 -1.000000 1.000000 0.000000 112.237926 5.242536e-01 1 1 1 121.841019 6.990379e-03 7.763577e-02 -4.926028e-03 9.502337e-03 9.819764e-04 1.803873e-04 2.534034e-05 -7.886674e-05 36.4488
125.000000 300.000000 0.442000 5.570000 -1.000000 1.000000 0.000000 126.673041 5.468198e-01 1 1 1 121.841019 8.402773e-03 8.907304e-02 -4.926028e-03 9.502337e-03 9.819764e-04 1.803873e-04 2.534034e-05 -7.886674e-05 50.8839
125.000000 300.000000 0.442000 5.940000 -1.000000 1.000000 0.000000 140.541249 5.645221e-01 1 1 1 121.841019 9.971828e-03 1.012972e-01 -4.926028e-03 9.502337e-03 9.819764e-04 1.803873e-04 2.534034e-05 -7.886674e-05 64.7521
125.000000 300.000000 0.442000 6.310000 -1.000000 1.000000 0.000000 153.310012 5.785903e-01 1 1 1 121.841019 1.169742e-02 1.143082e-01 -4.926028e-03 9.502337e-03 9.819764e-04 1.803873e-04 2.534034e-05 -7.886674e-05 77.5209
125.000000 300.000000 0.442000 6.680000 -1.000000 1.000000 0.000000 164.834075 6.077151e-01 1 1 1 121.841019 1.357946e-02 1.281058e-01 -4.926028e-03 9.502337e-03 9.819764e-04 1.803873e-04 2.534034e-05 -7.886674e-05 89.045
125.000000 300.000000 0.442000 7.050000 -1.000000 1.000000 0.000000 175.152624 6.569366e-01 1 1 1 121.841019 1.561787e-02 1.426899e-01 -4.926028e-03 9.502337e-03 9.819764e-04 1.803873e-04 2.534034e-05 -7.886674e-05 99.3635
125.000000 300.000000 0.442000 7.420000 -1.000000 1.000000 0.000000 184.381269 7.086505e-01 1 1 1 121.841019 1.781259e-02 1.580604e-01 -4.926028e-03 9.502337e-03 9.819764e-04 1.803873e-04 2.534034e-05 -7.886674e-05 108.592
125.000000 300.000000 0.468000 3.720000 -1.000000 1.000000 0.000000 80.341698 8.954005e-01 1 1 1 114.391964 3.399494e-03 3.774963e-02 -4.364322e-03 1.123143e-02 1.206516e-03 2.475306e-04 8.469389e-05 -8.076498e-05 4.55257
125.000000 300.000000 0.468000 4.090000 -1.000000 1.000000 0.000000 85.246777 4.345016e-01 1 1 1 114.391964 4.345003e-03 4.561751e-02 -4.364322e-03 1.123143e-02 1.206516e-03 2.475306e-04 8.469389e-05 -8.076498e-05 9.45765
125.000000 300.000000 0.468000 4.460000 -1.000000 1.000000 0.000000 96.377965 4.759557e-01 1 1 1 114.391964 5.467263e-03 5.423411e-02 -4.364322e-03 1.123143e-02 1.206516e-03 2.475306e-04 8.469389e-05 -8.076498e-05 20.5888
125.000000 300.000000 0.468000 4.830000 -1.000000 1.000000 0.000000 110.645312 5.071231e-01 1 1 1 114.391964 6.765823e-03 6.359873e-02 -4.364322e-03 1.123143e-02 1.206516e-03 2.475306e-04 8.469389e-05 -8.076498e-05 34.8562
125.000000 300.000000 0.468000 5.200000 -1.000000 1.000000 0.000000 125.585832 5.308156e-01 1 1 1 114.391964 8.240368e-03 7.371094e-02 -4.364322e-03 1.123143e-02 1.206516e-03 2.475306e-04 8.469389e-05 -8.076498e-05 49.7967
125.000000 300.000000 0.468000 5.570000 -1.000000 1.000000 0.000000 139.870721 5.490811e-01 1 1 1 114.391964 9.890670e-03 8.457044e-02 -4.364322e-03 1.123143e-02 1.206516e-03 2.475306e-04 8.469389e-05 -8.076498e-05 64.0816
125.000000 300.000000 0.468000 5.940000 -1.000000 1.000000 0.000000 152.900222 5.633731e-01 1 1 1 114.391964 1.171656e-02 9.617700e-02 -4.364322e-03 1.123143e-02 1.206516e-03 2.475306e-04 8.469389e-05 -8.076498e-05 77.1111
125.000000 300.000000 0.468000 6.310000 -1.000000 1.000000 0.000000 164.550910 5.747192e-01 1 1 1 114.391964 1.371791e-02 1.085305e-01 -4.364322e-03 1.123143e-02 1.206516e-03 2.475306e-04 8.469389e-05 -8.076498e-05 88.7618
125.000000 300.000000 0.468000 6.680000 -1.000000 1.000000 0.000000 174.905125 5.988304e-01 1 1 1 114.391964 1.589462e-02 1.216308e-01 -4.364322e-03 1.123143e-02 1.206516e-03 2.475306e-04 8.469389e-05 -8.076498e-05 99.116
125.000000 300.000000 0.468000 7.050000 -1.000000 1.000000 0.000000 184.115710 6.470774e-01 1 1 1 114.391964 1.824661e-02 1.354778e-01 -4.364322e-03 1.123143e-02 1.206516e-03 2.475306e-04 8.469389e-05 -8.076498e-05 108.327
125.000000 300.000000 0.494000 3.350000 -1.000000 1.000000 0.000000 80.954333 8.853258e-01 1 1 1 105.949299 3.037479e-03 2.875996e-02 -3.866130e-03 1.326244e-02 1.485802e-03 3.034300e-04 1.441549e-04 -8.287364e-05 5.16521
125.000000 300.000000 0.494000 3.720000 -1.000000 1.000000 0.000000 83.450213 4.057204e-01 1 1 1 105.949299 3.961483e-03 3.544557e-02 -3.866130e-03 1.326244e-02 1.485802e-03 3.034300e-04 1.441549e-04 -8.287364e-05 7.66109
125.000000 300.000000 0.494000 4.090000 -1.000000 1.000000 0.000000 94.050023 4.521768e-01 1 1 1 105.949299 5.083001e-03 4.283488e-02 -3.866130e-03 1.326244e-02 1.485802e-03 3.034300e-04 1.441549e-04 -8.287364e-05 18.2609
125.000000 300.000000 0.494000 4.460000 -1.000000 1.000000 0.000000 108.827933 4.863743e-01 1 1 1 105.949299 6.401335e-03 5.092699e-02 -3.866130e-03 1.326244e-02 1.485802e-03 3.034300e-04 1.441549e-04 -8.287364e-05 33.0388
125.000000 300.000000 0.494000 4.830000 -1.000000 1.000000 0.000000 124.630448 5.118258e-01 1 1 1 105.949299 7.916013e-03 5.972134e-02 -3.866130e-03 1.326244e-02 1.485802e-03 3.034300e-04 1.441549e-04 -8.287364e-05 48.8413
125.000000 300.000000 0.494000 5.200000 -1.000000 1.000000 0.000000 139.718657 5.310663e-01 1 1 1 105.949299 9.626702e-03 6.921756e-02 -3.866130e-03 1.326244e-02 1.485802e-03 3.034300e-04 1.441549e-04 -8.287364e-05 63.9295
125.000000 300.000000 0.494000 5.570000 -1.000000 1.000000 0.000000 153.365005 5.458586e-01 1 1 1 105.949299 1.153316e-02 7.941541e-02 -3.866130e-03 1.326244e-02 1.485802e-03 3.034300e-04 1.441549e-04 -8.287364e-05 77.5759
125.000000 300.000000 0.494000 5.940000 -1.000000 1.000000 0.000000 165.449112 5.574203e-01 1 1 1 105.949299 1.363521e-02 9.031470e-02 -3.866130e-03 1.326244e-02 1.485802e-03 3.034300e-04 1.441549e-04 -8.287364e-05 89.66
125.000000 300.000000 0.494000 6.310000 -1.000000 1.000000 0.000000 176.096792 6.032401e-01 1 1 1 105.949299 1.593272e-02 1.019153e-01 -3.866130e-03 1.326244e-02 1.485802e-03 3.034300e-04 1.441549e-04 -8.287364e-05 100.308
125.000000 300.000000 0.494000 6.680000 -1.000000 1.000000 0.000000 185.503546 6.553600e-01 1 1 1 105.949299 1.842559e-02 1.142172e-01 -3.866130e-03 1.326244e-02 1.485802e-03 3.034300e-04 1.441549e-04 -8.287364e-05 109.714
125.000000 300.000000 0.520000 2.980000 -1.000000 1.000000 0.000000 84.960573 9.417868e-01 1 1 1 96.251916 2.634934e-03 2.105354e-02 -3.470505e-03 1.567220e-02 1.839450e-03 3.401078e-04 2.024170e-04 -8.521887e-05 9.17145
125.000000 300.000000 0.520000 3.350000 -1.000000 1.000000 0.000000 80.961323 3.695963e-01 1 1 1 96.251916 3.508112e-03 2.658424e-02 -3.470505e-03 1.567220e-02 1.839450e-03 3.401078e-04 2.024170e-04 -8.521887e-05 5.1722
125.000000 300.000000 0.520000 3.720000 -1.000000 1.000000 0.000000 87.023904 4.231185e-01 1 1 1 96.251916 4.601106e-03 3.276626e-02 -3.470505e-03 1.567220e-02 1.839450e-03 3.401078e-04 2.024170e-04 -8.521887e-05 11.2348
125.000000 300.000000 0.520000 4.090000 -1.000000 1.000000 0.000000 98.674030 4.616837e-01 1 1 1 96.251916 5.912793e-03 3.959846e-02 -3.470505e-03 1.567220e-02 1.839450e-03 3.401078e-04 2.024170e-04 -8.521887e-05 22.8849
125.000000 300.000000 0.520000 4.460000 -1.000000 1.000000 0.000000 112.013919 4.897261e-01 1 1 1 96.251916 7.442440e-03 4.708011e-02 -3.470505e-03 1.567220e-02 1.839450e-03 3.401078e-04 2.024170e-04 -8.521887e-05 36.2248
125.000000 300.000000 0.520000 4.830000 -1.000000 1.000000 0.000000 124.901979 5.104612e-01 1 1 1 96.251916 9.189550e-03 5.521079e-02 -3.470505e-03 1.567220e-02 1.839450e-03 3.401078e-04 2.024170e-04 -8.521887e-05 49.1129
125.000000 300.000000 0.520000 5.200000 -1.000000 1.000000 0.000000 136.322434 5.260864e-01 1 1 1 96.251916 1.115377e-02 6.399020e-02 -3.470505e-03 1.567220e-02 1.839450e-03 3.401078e-04 2.024170e-04 -8.521887e-05 60.5333
125.000000 300.000000 0.520000 5.570000 -1.000000 1.000000 0.000000 146.081683 5.380844e-01 1 1 1 96.251916 1.333486e-02 7.341813e-02 -3.470505e-03 1.567220e-02 1.839450e-03 3.401078e-04 2.024170e-04 -8.521887e-05 70.2926
125.000000 300.000000 0.520000 5.940000 -1.000000 1.000000 0.000000 154.330400 5.474614e-01 1 1 1 96.251916 1.573263e-02 8.349446e-02 -3.470505e-03 1.567220e-02 1.839450e-03 3.401078e-04 2.024170e-04 -8.521887e-05 78.5413
125.000000 300.000000 0.520000 6.310000 -1.000000 1.000000 0.000000 161.306949 5.549095e-01 1 1 1 96.251916 1.834692e-02 9.421908e-02 -3.470505e-03 1.567220e-02 1.839450e-03 3.401078e-04 2.024170e-04 -8.521887e-05 85.5178
125.000000 300.000000 0.520000 6.680000 -1.000000 1.000000 0.000000 167.250278 5.609131e-01 1 1 1 96.251916 2.117765e-02 1.055919e-01 -3.470505e-03 1.567220e-02 1.839450e-03 3.401078e-04 2.024170e-04 -8.521887e-05 91.4612
125.000000 300.000000 0.546000 2.980000 -1.000000 1.000000 0.000000 82.029148 3.238133e-01 1 1 1 84.870807 3.017718e-03 1.899601e-02 -3.236221e-03 1.857351e-02 2.298851e-03 3.439485e-04 2.575511e-04 -8.783188e-05 6.24002
125.000000 300.000000 0.546000 3.350000 -1.000000 1.000000 0.000000 84.777019 3.872135e-01 1 1 1 84.870807 4.050903e-03 2.398912e-02 -3.236221e-03 1.857351e-02 2.298851e-03 3.439485e-04 2.575511e-04 -8.783188e-05 8.98789
125.000000 300.000000 0.546000 3.720000 -1.000000 1.000000 0.000000 95.826216 4.320728e-01 1 1 1 84.870807 5.326215e-03 2.956951e-02 -3.236221e-03 1.857351e-02 2.298851e-03 3.439485e-04 2.575511e-04 -8.783188e-05 20.0371
125.000000 300.000000 0.546000 4.090000 -1.000000 1.000000 0.000000 109.806272 4.639091e-01 1 1 1 84.870807 6.842473e-03 3.573630e-02 -3.236221e-03 1.857351e-02 2.298851e-03 3.439485e-04 2.575511e-04 -8.783188e-05 34.0171
125.000000 300.000000 0.546000 4.460000 -1.000000 1.000000 0.000000 123.660764 4.868802e-01 1 1 1 84.870807 8.598911e-03 4.248897e-02 -3.236221e-03 1.857351e-02 2.298851e-03 3.439485e-04 2.575511e-04 -8.783188e-05 47.8716
125.000000 300.000000 0.546000 4.830000 -1.000000 1.000000 0.000000 135.908838 5.038042e-01 1 1 1 84.870807 1.059501e-02 4.982719e-02 -3.236221e-03 1.857351e-02 2.298851e-03 3.439485e-04 2.575511e-04 -8.783188e-05 60.1197
125.000000 300.000000 0.546000 5.200000 -1.000000 1.000000 0.000000 146.251575 5.165409e-01 1 1 1 84.870807 1.283040e-02 5.775074e-02 -3.236221e-03 1.857351e-02 2.298851e-03 3.439485e-04 2.575511e-04 -8.783188e-05 70.4625
125.000000 300.000000 0.546000 5.570000 -1.000000 1.000000 0.000000 154.864953 5.263210e-01 1 1 1 84.870807 1.530483e-02 6.625947e-02 -3.236221e-03 1.857351e-02 2.298851e-03 3.439485e-04 2.575511e-04 -8.783188e-05 79.0758
125.000000 300.000000 0.546000 5.940000 -1.000000 1.000000 0.000000 162.043710 5.339701e-01 1 1 1 84.870807 1.801809e-02 7.535328e-02 -3.236221e-03 1.857351e-02 2.298851e-03 3.439485e-04 2.575511e-04 -8.783188e-05 86.2546
125.000000 300.000000 0.546000 6.310000 -1.000000 1.000000 0.000000 168.083487 5.400528e-01 1 1 1 84.870807 2.097005e-02 8.503210e-02 -3.236221e-03 1.857351e-02 2.298851e-03 3.439485e-04 2.575511e-04 -8.783188e-05 92.2944
125.000000 300.000000 0.598000 2.610000 -1.000000 1.000000 0.000000 227.053634 1.120134e-01 1 1 1 52.712749 4.571807e-01 9.912786e-03 -3.723946e-03 2.671268e-02 3.816556e-03 1.129730e-04 3.437224e-04 -9.401950e-05 151.265
125.000000 300.000000 0.598000 2.980000 -1.000000 1.000000 0.000000 215.712106 4.303822e-01 1 1 1 52.712749 6.636041e-02 1.291010e-02 -3.723946e-03 2.671268e-02 3.816556e-03 1.129730e-04 3.437224e-04 -9.401950e-05 139.923
125.000000 300.000000 0.598000 3.720000 -1.000000 1.000000 0.000000 224.527358 2.452643e-01 1 1 1 52.712749 2.540134e-01 2.010095e-02 -3.723946e-03 2.671268e-02 3.816556e-03 1.129730e-04 3.437224e-04 -9.401950e-05 148.738
125.000000 300.000000 0.598000 4.090000 -1.000000 1.000000 0.000000 227.079303 2.571435e-01 1 1 1 52.712749 7.165904e-01 2.429360e-02 -3.723946e-03 2.671268e-02 3.816556e-03 1.129730e-04 3.437224e-04 -9.401950e-05 151.29
125.000000 300.000000 0.598000 4.460000 -1.000000 1.000000 0.000000 227.787049 2.614299e-01 1 1 1 52.712749 1.388702e+00 2.888409e-02 -3.723946e-03 2.671268e-02 3.816556e-03 1.129730e-04 3.437224e-04 -9.401950e-05 151.998
125.000000 300.000000 0.598000 4.830000 -1.000000 1.000000 0.000000 228.087701 2.600249e-01 1 1 1 52.712749 2.256029e+00 3.387230e-02 -3.723946e-03 2.671268e-02 3.816556e-03 1.129730e-04 3.437224e-04 -9.401950e-05 152.299
125.000000 300.000000 0.598000 5.200000 -1.000000 1.000000 0.000000 234.662644 2.546242e-01 1 1 1 52.712749 3.309166e+00 3.925814e-02 -3.723946e-03 2.671268e-02 3.816556e-03 1.129730e-04 3.437224e-04 -9.401950e-05 158.874
125.000000 300.000000 0.598000 5.570000 -1.000000 1.000000 0.000000 234.328417 2.466132e-01 1 1 1 52.712749 4.541659e+00 4.504157e-02 -3.723946e-03 2.671268e-02 3.816556e-03 1.129730e-04 3.437224e-04 -9.401950e-05 158.539
125.000000 300.000000 0.598000 5.940000 -1.000000 1.000000 0.000000 234.375581 2.370546e-01 1 1 1 52.712749 5.948925e+00 5.122255e-02 -3.723946e-03 2.671268e-02 3.816556e-03 1.129730e-04 3.437224e-04 -9.401950e-05 158.586
125.000000 300.000000 0.624000 2.610000 -1.000000 1.000000 0.000000 227.563694 1.862996e-01 1 1 1 20.386058 6.304748e-01 4.418888e-03 -5.127360e-03 3.306086e-02 5.347063e-03 -4.253238e-04 3.561282e-04 -9.769540e-05 151.775
125.000000 300.000000 0.624000 3.720000 -1.000000 1.000000 0.000000 226.943913 2.857877e-01 1 1 1 20.386058 5.929639e-01 8.953157e-03 -5.127360e-03 3.306086e-02 5.347063e-03 -4.253238e-04 3.561282e-04 -9.769540e-05 151.155
125.000000 300.000000 0.624000 4.090000 -1.000000 1.000000 0.000000 227.951019 2.954435e-01 1 1 1 20.386058 1.485575e+00 1.081863e-02 -5.127360e-03 3.306086e-02 5.347063e-03 -4.253238e-04 3.561282e-04 -9.769540e-05 152.162
125.000000 300.000000 0.624000 4.460000 -1.000000 1.000000 0.000000 234.693716 2.968570e-01 1 1 1 20.386058 2.737504e+00 1.286102e-02 -5.127360e-03 3.306086e-02 5.347063e-03 -4.253238e-04 3.561282e-04 -9.769540e-05 158.905
125.000000 300.000000 0.624000 4.830000 -1.000000 1.000000 0.000000 234.402059 2.923109e-01 1 1 1 20.386058 4.324799e+00 1.508028e-02 -5.127360e-03 3.306086e-02 5.347063e-03 -4.253238e-04 3.561282e-04 -9.769540e-05 158.613
125.000000 300.000000 0.624000 5.200000 -1.000000 1.000000 0.000000 234.463405 2.837522e-01 1 1 1 20.386058 6.231739e+00 1.747639e-02 -5.127360e-03 3.306086e-02 5.347063e-03 -4.253238e-04 3.561282e-04 -9.769540e-05 158.674
125.000000 300.000000 0.624000 5.570000 -1.000000 1.000000 0.000000 234.500997 2.727171e-01 1 1 1 20.386058 8.447548e+00 2.004934e-02 -5.127360e-03 3.306086e-02 5.347063e-03 -4.253238e-04 3.561282e-04 -9.769540e-05 158.712
125.000000 300.000000 0.624000 5.940000 -1.000000 1.000000 0.000000 234.592050 2.603486e-01 1 1 1 20.386058 1.096458e+01 2.279913e-02 -5.127360e-03 3.306086e-02 5.347063e-03 -4.253238e-04 3.561282e-04 -9.769540e-05 158.803
125.000000 300.000000 0.650000 2.240000 -1.000000 1.000000 0.000000 233.856264 0.000000e+00 1 1 1 -nan -nan -nan -1.143673e-03 2.701426e-02 4.507354e-03 1.475063e-04 4.842521e-04 -1.018468e-04 158.067
125.000000 300.000000 0.650000 2.610000 -1.000000 1.000000 0.000000 233.856264 0.000000e+00 1 1 1 -nan -nan -nan -1.143673e-03 2.701426e-02 4.507354e-03 1.475063e-04 4.842521e-04 -1.018468e-04 158.067
125.000000 300.000000 0.650000 2.980000 -1.000000 1.000000 0.000000 233.856264 0.000000e+00 1 1 1 -nan -nan -nan -1.143673e-03 2.701426e-02 4.507354e-03 1.475063e-04 4.842521e-04 -1.018468e-04 158.067
125.000000 300.000000 0.650000 3.350000 -1.000000 1.000000 0.000000 233.856264 0.000000e+00 1 1 1 -nan -nan -nan -1.143673e-03 2.701426e-02 4.507354e-03 1.475063e-04 4.842521e-04 -1.018468e-04 158.067
125.000000 300.000000 0.650000 3.720000 -1.000000 1.000000 0.000000 233.856264 0.000000e+00 1 1 1 -nan -nan -nan -1.143673e-03 2.701426e-02 4.507354e-03 1.475063e-04 4.842521e-04 -1.018468e-04 158.067
125.000000 300.000000 0.650000 4.090000 -1.000000 1.000000 0.000000 233.856264 0.000000e+00 1 1 1 -nan -nan -nan -1.143673e-03 2.701426e-02 4.507354e-03 1.475063e-04 4.842521e-04 -1.018468e-04 158.067
125.000000 300.000000 0.650000 4.460000 -1.000000 1.000000 0.000000 233.856264 0.000000e+00 1 1 1 -nan -nan -nan -1.143673e-03 2.701426e-02 4.507354e-03 1.475063e-04 4.842521e-04 -1.018468e-04 158.067
125.000000 300.000000 0.650000 4.830000 -1.000000 1.000000 0.000000 233.856264 0.000000e+00 1 1 1 -nan -nan -nan -1.143673e-03 2.701426e-02 4.507354e-03 1.475063e-04 4.842521e-04 -1.018468e-04 158.067
125.000000 300.000000 0.650000 5.200000 -1.000000 1.000000 0.000000 233.856264 0.000000e+00 1 1 1 -nan -nan -nan -1.143673e-03 2.701426e-02 4.507354e-03 1.475063e-04 4.842521e-04 -1.018468e-04 158.067
125.000000 300.000000 0.650000 5.570000 -1.000000 1.000000 0.000000 233.856264 0.000000e+00 1 1 1 -nan -nan -nan -1.143673e-03 2.701426e-02 4.507354e-03 1.475063e-04 4.842521e-04 -1.018468e-04 158.067
