mh mH cba tb Z4 Z5 Z7 chisq tot_hbobs stb uni per mA Gamma_h Gamma_A S T U V W X  chisqdiff
125.000000 325.000000 0.130000 14.080000 -1.000000 1.000000 0.000000 82.404177 9.448674e-01 1 1 1 208.517221 3.495224e-03 8.860276e-01 -8.617759e-03 4.297439e-04 -1.523588e-06 -4.218676e-04 -3.767923e-04 -5.704881e-05 6.62039
125.000000 325.000000 0.130000 14.450000 -1.000000 1.000000 0.000000 80.498992 9.990244e-01 1 1 1 208.517221 3.738019e-03 9.332077e-01 -8.617759e-03 4.297439e-04 -1.523588e-06 -4.218676e-04 -3.767923e-04 -5.704881e-05 4.7152
125.000000 325.000000 0.156000 11.490000 -1.000000 1.000000 0.000000 83.917940 9.411635e-01 1 1 1 206.906238 3.324001e-03 5.862838e-01 -8.254676e-03 6.297991e-04 1.201741e-05 -3.807949e-04 -3.519296e-04 -5.742007e-05 8.13415
125.000000 325.000000 0.156000 11.860000 -1.000000 1.000000 0.000000 81.193033 6.747941e-01 1 1 1 206.906238 3.605325e-03 6.246505e-01 -8.254676e-03 6.297991e-04 1.201741e-05 -3.807949e-04 -3.519296e-04 -5.742007e-05 5.40924
125.000000 325.000000 0.156000 12.230000 -1.000000 1.000000 0.000000 79.420885 8.376902e-01 1 1 1 206.906238 3.906105e-03 6.642334e-01 -8.254676e-03 6.297991e-04 1.201741e-05 -3.807949e-04 -3.519296e-04 -5.742007e-05 3.6371
125.000000 325.000000 0.156000 12.600000 -1.000000 1.000000 0.000000 78.521622 9.462249e-01 1 1 1 206.906238 4.226338e-03 7.050323e-01 -8.254676e-03 6.297991e-04 1.201741e-05 -3.807949e-04 -3.519296e-04 -5.742007e-05 2.73783
125.000000 325.000000 0.156000 12.970000 -1.000000 1.000000 0.000000 78.413339 8.192000e-01 1 1 1 206.906238 4.566022e-03 7.470474e-01 -8.254676e-03 6.297991e-04 1.201741e-05 -3.807949e-04 -3.519296e-04 -5.742007e-05 2.62955
125.000000 325.000000 0.156000 13.340000 -1.000000 1.000000 0.000000 79.070307 8.705632e-01 1 1 1 206.906238 4.925157e-03 7.902786e-01 -8.254676e-03 6.297991e-04 1.201741e-05 -3.807949e-04 -3.519296e-04 -5.742007e-05 3.28652
125.000000 325.000000 0.156000 13.710000 -1.000000 1.000000 0.000000 80.388303 9.225225e-01 1 1 1 206.906238 5.303740e-03 8.347258e-01 -8.254676e-03 6.297991e-04 1.201741e-05 -3.807949e-04 -3.519296e-04 -5.742007e-05 4.60451
125.000000 325.000000 0.156000 14.080000 -1.000000 1.000000 0.000000 82.373760 9.769827e-01 1 1 1 206.906238 5.701771e-03 8.803891e-01 -8.254676e-03 6.297991e-04 1.201741e-05 -3.807949e-04 -3.519296e-04 -5.742007e-05 6.58997
125.000000 325.000000 0.182000 9.640000 -1.000000 1.000000 0.000000 85.617252 6.734327e-01 1 1 1 204.986027 3.161711e-03 4.095410e-01 -7.828448e-03 8.751159e-04 2.901091e-05 -3.325094e-04 -3.226436e-04 -5.786511e-05 9.83346
125.000000 325.000000 0.182000 10.010000 -1.000000 1.000000 0.000000 81.963937 9.170803e-01 1 1 1 204.986027 3.478457e-03 4.415795e-01 -7.828448e-03 8.751159e-04 2.901091e-05 -3.325094e-04 -3.226436e-04 -5.786511e-05 6.18015
125.000000 325.000000 0.182000 10.380000 -1.000000 1.000000 0.000000 79.621259 8.460817e-01 1 1 1 204.986027 3.821698e-03 4.748249e-01 -7.828448e-03 8.751159e-04 2.901091e-05 -3.325094e-04 -3.226436e-04 -5.786511e-05 3.83747
125.000000 325.000000 0.182000 10.750000 -1.000000 1.000000 0.000000 78.491173 9.439346e-01 1 1 1 204.986027 4.191430e-03 5.092773e-01 -7.828448e-03 8.751159e-04 2.901091e-05 -3.325094e-04 -3.226436e-04 -5.786511e-05 2.70738
125.000000 325.000000 0.182000 11.120000 -1.000000 1.000000 0.000000 78.457833 6.077151e-01 1 1 1 204.986027 4.587648e-03 5.449366e-01 -7.828448e-03 8.751159e-04 2.901091e-05 -3.325094e-04 -3.226436e-04 -5.786511e-05 2.67404
125.000000 325.000000 0.182000 11.490000 -1.000000 1.000000 0.000000 79.441970 6.527490e-01 1 1 1 204.986027 5.010349e-03 5.818027e-01 -7.828448e-03 8.751159e-04 2.901091e-05 -3.325094e-04 -3.226436e-04 -5.786511e-05 3.65818
125.000000 325.000000 0.182000 11.860000 -1.000000 1.000000 0.000000 81.400499 6.995730e-01 1 1 1 204.986027 5.459530e-03 6.198756e-01 -7.828448e-03 8.751159e-04 2.901091e-05 -3.325094e-04 -3.226436e-04 -5.786511e-05 5.61671
125.000000 325.000000 0.182000 12.230000 -1.000000 1.000000 0.000000 83.924543 7.474453e-01 1 1 1 204.986027 5.935187e-03 6.591554e-01 -7.828448e-03 8.751159e-04 2.901091e-05 -3.325094e-04 -3.226436e-04 -5.786511e-05 8.14075
125.000000 325.000000 0.182000 12.600000 -1.000000 1.000000 0.000000 87.045787 7.976631e-01 1 1 1 204.986027 6.437318e-03 6.996420e-01 -7.828448e-03 8.751159e-04 2.901091e-05 -3.325094e-04 -3.226436e-04 -5.786511e-05 11.262
125.000000 325.000000 0.182000 12.970000 -1.000000 1.000000 0.000000 90.600553 8.489119e-01 1 1 1 204.986027 6.965921e-03 7.413353e-01 -7.828448e-03 8.751159e-04 2.901091e-05 -3.325094e-04 -3.226436e-04 -5.786511e-05 14.8168
125.000000 325.000000 0.182000 13.340000 -1.000000 1.000000 0.000000 94.528123 9.022026e-01 1 1 1 204.986027 7.520994e-03 7.842355e-01 -7.828448e-03 8.751159e-04 2.901091e-05 -3.325094e-04 -3.226436e-04 -5.786511e-05 18.7443
125.000000 325.000000 0.182000 13.710000 -1.000000 1.000000 0.000000 98.697568 9.570093e-01 1 1 1 204.986027 8.102535e-03 8.283423e-01 -7.828448e-03 8.751159e-04 2.901091e-05 -3.325094e-04 -3.226436e-04 -5.786511e-05 22.9138
125.000000 325.000000 0.208000 8.530000 -1.000000 1.000000 0.000000 83.787693 9.585211e-01 1 1 1 202.747802 3.266659e-03 3.177848e-01 -7.340635e-03 1.170417e-03 5.000337e-05 -2.771535e-04 -2.889872e-04 -5.838726e-05 8.0039
125.000000 325.000000 0.208000 8.900000 -1.000000 1.000000 0.000000 80.399146 8.730392e-01 1 1 1 202.747802 3.641794e-03 3.459461e-01 -7.340635e-03 1.170417e-03 5.000337e-05 -2.771535e-04 -2.889872e-04 -5.838726e-05 4.61536
125.000000 325.000000 0.208000 9.270000 -1.000000 1.000000 0.000000 78.648123 9.360443e-01 1 1 1 202.747802 4.051551e-03 3.753037e-01 -7.340635e-03 1.170417e-03 5.000337e-05 -2.771535e-04 -2.889872e-04 -5.838726e-05 2.86433
125.000000 325.000000 0.208000 9.640000 -1.000000 1.000000 0.000000 78.392445 5.091175e-01 1 1 1 202.747802 4.495920e-03 4.058575e-01 -7.340635e-03 1.170417e-03 5.000337e-05 -2.771535e-04 -2.889872e-04 -5.838726e-05 2.60866
125.000000 325.000000 0.208000 10.010000 -1.000000 1.000000 0.000000 79.484846 5.342843e-01 1 1 1 202.747802 4.974894e-03 4.376075e-01 -7.340635e-03 1.170417e-03 5.000337e-05 -2.771535e-04 -2.889872e-04 -5.838726e-05 3.70106
125.000000 325.000000 0.208000 10.380000 -1.000000 1.000000 0.000000 81.803172 5.566115e-01 1 1 1 202.747802 5.488467e-03 4.705535e-01 -7.340635e-03 1.170417e-03 5.000337e-05 -2.771535e-04 -2.889872e-04 -5.838726e-05 6.01938
125.000000 325.000000 0.208000 10.750000 -1.000000 1.000000 0.000000 84.918718 5.851429e-01 1 1 1 202.747802 6.036633e-03 5.046956e-01 -7.340635e-03 1.170417e-03 5.000337e-05 -2.771535e-04 -2.889872e-04 -5.838726e-05 9.13493
125.000000 325.000000 0.208000 11.120000 -1.000000 1.000000 0.000000 88.693404 6.306390e-01 1 1 1 202.747802 6.619387e-03 5.400337e-01 -7.340635e-03 1.170417e-03 5.000337e-05 -2.771535e-04 -2.889872e-04 -5.838726e-05 12.9096
125.000000 325.000000 0.208000 11.490000 -1.000000 1.000000 0.000000 93.008777 6.775848e-01 1 1 1 202.747802 7.236725e-03 5.765678e-01 -7.340635e-03 1.170417e-03 5.000337e-05 -2.771535e-04 -2.889872e-04 -5.838726e-05 17.225
125.000000 325.000000 0.208000 11.860000 -1.000000 1.000000 0.000000 97.747835 7.262411e-01 1 1 1 202.747802 7.888643e-03 6.142979e-01 -7.340635e-03 1.170417e-03 5.000337e-05 -2.771535e-04 -2.889872e-04 -5.838726e-05 21.964
125.000000 325.000000 0.208000 12.230000 -1.000000 1.000000 0.000000 102.627900 7.764929e-01 1 1 1 202.747802 8.575138e-03 6.532239e-01 -7.340635e-03 1.170417e-03 5.000337e-05 -2.771535e-04 -2.889872e-04 -5.838726e-05 26.8441
125.000000 325.000000 0.208000 12.600000 -1.000000 1.000000 0.000000 107.601592 8.283114e-01 1 1 1 202.747802 9.296208e-03 6.933458e-01 -7.340635e-03 1.170417e-03 5.000337e-05 -2.771535e-04 -2.889872e-04 -5.838726e-05 31.8178
125.000000 325.000000 0.234000 6.310000 -1.000000 1.000000 0.000000 110.343531 9.181129e-01 1 1 1 200.180897 2.149822e-03 1.721306e-01 -6.793147e-03 1.521384e-03 7.566922e-05 -2.149042e-04 -2.510249e-04 -5.899055e-05 34.5597
125.000000 325.000000 0.234000 7.420000 -1.000000 1.000000 0.000000 85.310827 9.891178e-01 1 1 1 200.180897 3.110243e-03 2.379702e-01 -6.793147e-03 1.521384e-03 7.566922e-05 -2.149042e-04 -2.510249e-04 -5.899055e-05 9.52704
125.000000 325.000000 0.234000 7.790000 -1.000000 1.000000 0.000000 80.960324 8.892922e-01 1 1 1 200.180897 3.518160e-03 2.622857e-01 -6.793147e-03 1.521384e-03 7.566922e-05 -2.149042e-04 -2.510249e-04 -5.899055e-05 5.17654
125.000000 325.000000 0.234000 8.160000 -1.000000 1.000000 0.000000 78.719061 9.311402e-01 1 1 1 200.180897 3.969927e-03 2.877852e-01 -6.793147e-03 1.521384e-03 7.566922e-05 -2.149042e-04 -2.510249e-04 -5.899055e-05 2.93527
125.000000 325.000000 0.234000 8.530000 -1.000000 1.000000 0.000000 78.411371 5.032677e-01 1 1 1 200.180897 4.465527e-03 3.144687e-01 -6.793147e-03 1.521384e-03 7.566922e-05 -2.149042e-04 -2.510249e-04 -5.899055e-05 2.62758
125.000000 325.000000 0.234000 8.900000 -1.000000 1.000000 0.000000 79.806993 5.311319e-01 1 1 1 200.180897 5.004946e-03 3.423361e-01 -6.793147e-03 1.521384e-03 7.566922e-05 -2.149042e-04 -2.510249e-04 -5.899055e-05 4.0232
125.000000 325.000000 0.234000 9.270000 -1.000000 1.000000 0.000000 82.670217 5.554712e-01 1 1 1 200.180897 5.588172e-03 3.713873e-01 -6.793147e-03 1.521384e-03 7.566922e-05 -2.149042e-04 -2.510249e-04 -5.899055e-05 6.88643
125.000000 325.000000 0.234000 9.640000 -1.000000 1.000000 0.000000 86.503655 5.767482e-01 1 1 1 200.180897 6.215195e-03 4.016222e-01 -6.793147e-03 1.521384e-03 7.566922e-05 -2.149042e-04 -2.510249e-04 -5.899055e-05 10.7199
125.000000 325.000000 0.234000 10.010000 -1.000000 1.000000 0.000000 91.105591 5.953811e-01 1 1 1 200.180897 6.886006e-03 4.330407e-01 -6.793147e-03 1.521384e-03 7.566922e-05 -2.149042e-04 -2.510249e-04 -5.899055e-05 15.3218
125.000000 325.000000 0.234000 10.380000 -1.000000 1.000000 0.000000 96.334307 6.117378e-01 1 1 1 200.180897 7.600599e-03 4.656428e-01 -6.793147e-03 1.521384e-03 7.566922e-05 -2.149042e-04 -2.510249e-04 -5.899055e-05 20.5505
125.000000 325.000000 0.234000 10.750000 -1.000000 1.000000 0.000000 101.792055 6.261369e-01 1 1 1 200.180897 8.358966e-03 4.994285e-01 -6.793147e-03 1.521384e-03 7.566922e-05 -2.149042e-04 -2.510249e-04 -5.899055e-05 26.0083
125.000000 325.000000 0.234000 11.120000 -1.000000 1.000000 0.000000 107.396837 6.543131e-01 1 1 1 200.180897 9.161103e-03 5.343977e-01 -6.793147e-03 1.521384e-03 7.566922e-05 -2.149042e-04 -2.510249e-04 -5.899055e-05 31.613
125.000000 325.000000 0.260000 6.680000 -1.000000 1.000000 0.000000 84.462996 9.716855e-01 1 1 1 197.272480 3.130701e-03 1.905799e-01 -6.188296e-03 1.934784e-03 1.068348e-04 -1.459802e-04 -2.088349e-04 -5.967974e-05 8.67921
125.000000 325.000000 0.260000 7.050000 -1.000000 1.000000 0.000000 80.135959 8.626389e-01 1 1 1 197.272480 3.590284e-03 2.122639e-01 -6.188296e-03 1.934784e-03 1.068348e-04 -1.459802e-04 -2.088349e-04 -5.967974e-05 4.35217
125.000000 325.000000 0.260000 7.420000 -1.000000 1.000000 0.000000 78.389702 9.376151e-01 1 1 1 197.272480 4.104039e-03 2.351182e-01 -6.188296e-03 1.934784e-03 1.068348e-04 -1.459802e-04 -2.088349e-04 -5.967974e-05 2.60591
125.000000 325.000000 0.260000 7.790000 -1.000000 1.000000 0.000000 78.941527 5.098118e-01 1 1 1 197.272480 4.671936e-03 2.591426e-01 -6.188296e-03 1.934784e-03 1.068348e-04 -1.459802e-04 -2.088349e-04 -5.967974e-05 3.15774
125.000000 325.000000 0.260000 8.160000 -1.000000 1.000000 0.000000 81.519654 5.384100e-01 1 1 1 197.272480 5.293952e-03 2.843369e-01 -6.188296e-03 1.934784e-03 1.068348e-04 -1.459802e-04 -2.088349e-04 -5.967974e-05 5.73587
125.000000 325.000000 0.260000 8.530000 -1.000000 1.000000 0.000000 85.462909 5.630084e-01 1 1 1 197.272480 5.970069e-03 3.107010e-01 -6.188296e-03 1.934784e-03 1.068348e-04 -1.459802e-04 -2.088349e-04 -5.967974e-05 9.67912
125.000000 325.000000 0.260000 8.900000 -1.000000 1.000000 0.000000 90.445615 5.842041e-01 1 1 1 197.272480 6.700272e-03 3.382347e-01 -6.188296e-03 1.934784e-03 1.068348e-04 -1.459802e-04 -2.088349e-04 -5.967974e-05 14.6618
125.000000 325.000000 0.260000 9.270000 -1.000000 1.000000 0.000000 96.232206 6.025192e-01 1 1 1 197.272480 7.484546e-03 3.669380e-01 -6.188296e-03 1.934784e-03 1.068348e-04 -1.459802e-04 -2.088349e-04 -5.967974e-05 20.4484
125.000000 325.000000 0.260000 9.640000 -1.000000 1.000000 0.000000 102.328750 6.184000e-01 1 1 1 197.272480 8.322881e-03 3.968108e-01 -6.188296e-03 1.934784e-03 1.068348e-04 -1.459802e-04 -2.088349e-04 -5.967974e-05 26.545
125.000000 325.000000 0.260000 10.010000 -1.000000 1.000000 0.000000 108.591738 6.322229e-01 1 1 1 197.272480 9.215267e-03 4.278531e-01 -6.188296e-03 1.934784e-03 1.068348e-04 -1.459802e-04 -2.088349e-04 -5.967974e-05 32.8079
125.000000 325.000000 0.286000 5.940000 -1.000000 1.000000 0.000000 85.933933 9.997587e-01 1 1 1 194.007194 2.983347e-03 1.486622e-01 -5.528875e-03 2.418622e-03 1.445096e-04 -7.065183e-05 -1.625116e-04 -6.046045e-05 10.1501
125.000000 325.000000 0.286000 6.310000 -1.000000 1.000000 0.000000 80.592340 8.754539e-01 1 1 1 194.007194 3.472425e-03 1.677413e-01 -5.528875e-03 2.418622e-03 1.445096e-04 -7.065183e-05 -1.625116e-04 -6.046045e-05 4.80855
125.000000 325.000000 0.286000 6.680000 -1.000000 1.000000 0.000000 78.430709 9.329559e-01 1 1 1 194.007194 4.027114e-03 1.879753e-01 -5.528875e-03 2.418622e-03 1.445096e-04 -7.065183e-05 -1.625116e-04 -6.046045e-05 2.64692
125.000000 325.000000 0.286000 7.050000 -1.000000 1.000000 0.000000 79.102924 5.031486e-01 1 1 1 194.007194 4.647366e-03 2.093639e-01 -5.528875e-03 2.418622e-03 1.445096e-04 -7.065183e-05 -1.625116e-04 -6.046045e-05 3.31914
125.000000 325.000000 0.286000 7.420000 -1.000000 1.000000 0.000000 82.171093 5.339117e-01 1 1 1 194.007194 5.333143e-03 2.319067e-01 -5.528875e-03 2.418622e-03 1.445096e-04 -7.065183e-05 -1.625116e-04 -6.046045e-05 6.3873
125.000000 325.000000 0.286000 7.790000 -1.000000 1.000000 0.000000 86.847573 5.599573e-01 1 1 1 194.007194 6.084414e-03 2.556036e-01 -5.528875e-03 2.418622e-03 1.445096e-04 -7.065183e-05 -1.625116e-04 -6.046045e-05 11.0638
125.000000 325.000000 0.286000 8.160000 -1.000000 1.000000 0.000000 92.719849 5.820623e-01 1 1 1 194.007194 6.901154e-03 2.804544e-01 -5.528875e-03 2.418622e-03 1.445096e-04 -7.065183e-05 -1.625116e-04 -6.046045e-05 16.9361
125.000000 325.000000 0.286000 8.530000 -1.000000 1.000000 0.000000 99.304575 6.008923e-01 1 1 1 194.007194 7.783341e-03 3.064590e-01 -5.528875e-03 2.418622e-03 1.445096e-04 -7.065183e-05 -1.625116e-04 -6.046045e-05 23.5208
125.000000 325.000000 0.286000 8.900000 -1.000000 1.000000 0.000000 106.162033 6.170037e-01 1 1 1 194.007194 8.730960e-03 3.336173e-01 -5.528875e-03 2.418622e-03 1.445096e-04 -7.065183e-05 -1.625116e-04 -6.046045e-05 30.3782
125.000000 325.000000 0.286000 9.270000 -1.000000 1.000000 0.000000 113.089826 6.308555e-01 1 1 1 194.007194 9.743994e-03 3.619292e-01 -5.528875e-03 2.418622e-03 1.445096e-04 -7.065183e-05 -1.625116e-04 -6.046045e-05 37.306
125.000000 325.000000 0.312000 5.570000 -1.000000 1.000000 0.000000 82.757990 9.313356e-01 1 1 1 190.366676 3.179104e-03 1.287092e-01 -4.818251e-03 2.982344e-03 1.899282e-04 1.074671e-05 -1.121684e-04 -6.133930e-05 6.9742
125.000000 325.000000 0.312000 5.940000 -1.000000 1.000000 0.000000 78.939686 8.056071e-01 1 1 1 190.366676 3.747226e-03 1.463564e-01 -4.818251e-03 2.982344e-03 1.899282e-04 1.074671e-05 -1.121684e-04 -6.133930e-05 3.1559
125.000000 325.000000 0.312000 6.310000 -1.000000 1.000000 0.000000 78.730651 4.838077e-01 1 1 1 190.366676 4.393468e-03 1.651410e-01 -4.818251e-03 2.982344e-03 1.899282e-04 1.074671e-05 -1.121684e-04 -6.133930e-05 2.94686
125.000000 325.000000 0.312000 6.680000 -1.000000 1.000000 0.000000 81.552266 5.185816e-01 1 1 1 190.366676 5.117763e-03 1.850626e-01 -4.818251e-03 2.982344e-03 1.899282e-04 1.074671e-05 -1.121684e-04 -6.133930e-05 5.76848
125.000000 325.000000 0.312000 7.050000 -1.000000 1.000000 0.000000 86.474197 5.475392e-01 1 1 1 190.366676 5.920058e-03 2.061209e-01 -4.818251e-03 2.982344e-03 1.899282e-04 1.074671e-05 -1.121684e-04 -6.133930e-05 10.6904
125.000000 325.000000 0.312000 7.420000 -1.000000 1.000000 0.000000 92.876816 5.717137e-01 1 1 1 190.366676 6.800311e-03 2.283155e-01 -4.818251e-03 2.982344e-03 1.899282e-04 1.074671e-05 -1.121684e-04 -6.133930e-05 17.093
125.000000 325.000000 0.312000 7.790000 -1.000000 1.000000 0.000000 100.126437 5.919824e-01 1 1 1 190.366676 7.758488e-03 2.516464e-01 -4.818251e-03 2.982344e-03 1.899282e-04 1.074671e-05 -1.121684e-04 -6.133930e-05 24.3426
125.000000 325.000000 0.312000 8.160000 -1.000000 1.000000 0.000000 107.675538 6.090669e-01 1 1 1 190.366676 8.794563e-03 2.761133e-01 -4.818251e-03 2.982344e-03 1.899282e-04 1.074671e-05 -1.121684e-04 -6.133930e-05 31.8917
125.000000 325.000000 0.312000 8.530000 -1.000000 1.000000 0.000000 115.238290 6.235515e-01 1 1 1 190.366676 9.908512e-03 3.017161e-01 -4.818251e-03 2.982344e-03 1.899282e-04 1.074671e-05 -1.121684e-04 -6.133930e-05 39.4545
125.000000 325.000000 0.338000 5.200000 -1.000000 1.000000 0.000000 81.167163 8.862719e-01 1 1 1 186.328933 3.297622e-03 1.102300e-01 -4.060490e-03 3.637102e-03 2.446048e-04 9.779975e-05 -5.794244e-05 -6.232401e-05 5.38337
125.000000 325.000000 0.338000 5.570000 -1.000000 1.000000 0.000000 78.526888 9.268218e-01 1 1 1 186.328933 3.937003e-03 1.264516e-01 -4.060490e-03 3.637102e-03 2.446048e-04 9.779975e-05 -5.794244e-05 -6.232401e-05 2.7431
125.000000 325.000000 0.338000 5.940000 -1.000000 1.000000 0.000000 79.991286 4.915908e-01 1 1 1 186.328933 4.668124e-03 1.437912e-01 -4.060490e-03 3.637102e-03 2.446048e-04 9.779975e-05 -5.794244e-05 -6.232401e-05 4.2075
125.000000 325.000000 0.338000 6.310000 -1.000000 1.000000 0.000000 84.428763 5.254905e-01 1 1 1 186.328933 5.490889e-03 1.622483e-01 -4.060490e-03 3.637102e-03 2.446048e-04 9.779975e-05 -5.794244e-05 -6.232401e-05 8.64497
125.000000 325.000000 0.338000 6.680000 -1.000000 1.000000 0.000000 90.885984 5.532883e-01 1 1 1 186.328933 6.405228e-03 1.818224e-01 -4.060490e-03 3.637102e-03 2.446048e-04 9.779975e-05 -5.794244e-05 -6.232401e-05 15.1022
125.000000 325.000000 0.338000 7.050000 -1.000000 1.000000 0.000000 98.644178 5.761820e-01 1 1 1 186.328933 7.411083e-03 2.025133e-01 -4.060490e-03 3.637102e-03 2.446048e-04 9.779975e-05 -5.794244e-05 -6.232401e-05 22.8604
125.000000 325.000000 0.338000 7.420000 -1.000000 1.000000 0.000000 106.827507 5.951501e-01 1 1 1 186.328933 8.508409e-03 2.243206e-01 -4.060490e-03 3.637102e-03 2.446048e-04 9.779975e-05 -5.794244e-05 -6.232401e-05 31.0437
125.000000 325.000000 0.338000 7.790000 -1.000000 1.000000 0.000000 115.064453 6.109732e-01 1 1 1 186.328933 9.697169e-03 2.472443e-01 -4.060490e-03 3.637102e-03 2.446048e-04 9.779975e-05 -5.794244e-05 -6.232401e-05 39.2807
125.000000 325.000000 0.364000 5.200000 -1.000000 1.000000 0.000000 78.658914 4.500185e-01 1 1 1 181.867510 4.029690e-03 1.080469e-01 -3.260529e-03 4.396098e-03 3.104085e-04 1.899865e-04 4.860364e-10 -6.342364e-05 2.87512
125.000000 325.000000 0.364000 5.570000 -1.000000 1.000000 0.000000 81.316485 4.919147e-01 1 1 1 181.867510 4.835888e-03 1.239496e-01 -3.260529e-03 4.396098e-03 3.104085e-04 1.899865e-04 4.860715e-10 -6.342364e-05 5.5327
125.000000 325.000000 0.364000 5.940000 -1.000000 1.000000 0.000000 87.084604 5.256472e-01 1 1 1 181.867510 5.748437e-03 1.409482e-01 -3.260529e-03 4.396098e-03 3.104085e-04 1.899865e-04 4.860869e-10 -6.342364e-05 11.3008
125.000000 325.000000 0.364000 6.310000 -1.000000 1.000000 0.000000 94.927427 5.528843e-01 1 1 1 181.867510 6.767237e-03 1.590422e-01 -3.260529e-03 4.396098e-03 3.104085e-04 1.899865e-04 4.860543e-10 -6.342364e-05 19.1436
125.000000 325.000000 0.364000 6.680000 -1.000000 1.000000 0.000000 103.598359 5.750095e-01 1 1 1 181.867510 7.892209e-03 1.782311e-01 -3.260529e-03 4.396098e-03 3.104085e-04 1.899865e-04 4.860848e-10 -6.342364e-05 27.8146
125.000000 325.000000 0.364000 7.050000 -1.000000 1.000000 0.000000 112.545918 5.931192e-01 1 1 1 181.867510 9.123292e-03 1.985146e-01 -3.260529e-03 4.396098e-03 3.104085e-04 1.899865e-04 4.860638e-10 -6.342364e-05 36.7621
125.000000 325.000000 0.364000 7.420000 -1.000000 1.000000 0.000000 121.256224 6.080649e-01 1 1 1 181.867510 1.046044e-02 2.198926e-01 -3.260529e-03 4.396098e-03 3.104085e-04 1.899865e-04 4.860280e-10 -6.342364e-05 45.4724
125.000000 325.000000 0.390000 4.830000 -1.000000 1.000000 0.000000 78.920253 4.425774e-01 1 1 1 176.950364 4.019253e-03 9.115582e-02 -2.424395e-03 5.275040e-03 3.896653e-04 2.866477e-04 6.145828e-05 -6.464878e-05 3.13646
125.000000 325.000000 0.390000 5.200000 -1.000000 1.000000 0.000000 82.384499 4.859154e-01 1 1 1 176.950364 4.887594e-03 1.056337e-01 -2.424395e-03 5.275040e-03 3.896653e-04 2.866477e-04 6.145828e-05 -6.464878e-05 6.60071
125.000000 325.000000 0.390000 5.570000 -1.000000 1.000000 0.000000 89.185610 5.202136e-01 1 1 1 176.950364 5.878119e-03 1.211836e-01 -2.424395e-03 5.275040e-03 3.896653e-04 2.866477e-04 6.145828e-05 -6.464878e-05 13.4018
125.000000 325.000000 0.390000 5.940000 -1.000000 1.000000 0.000000 98.048860 5.474672e-01 1 1 1 176.950364 6.990687e-03 1.378048e-01 -2.424395e-03 5.275040e-03 3.896653e-04 2.866477e-04 6.145828e-05 -6.464878e-05 22.2651
125.000000 325.000000 0.390000 6.310000 -1.000000 1.000000 0.000000 107.604590 5.692872e-01 1 1 1 176.950364 8.225189e-03 1.554970e-01 -2.424395e-03 5.275040e-03 3.896653e-04 2.866477e-04 6.145828e-05 -6.464878e-05 31.8208
125.000000 325.000000 0.390000 6.680000 -1.000000 1.000000 0.000000 117.170063 5.869178e-01 1 1 1 176.950364 9.581542e-03 1.742598e-01 -2.424395e-03 5.275040e-03 3.896653e-04 2.866477e-04 6.145828e-05 -6.464878e-05 41.3863
125.000000 325.000000 0.390000 7.050000 -1.000000 1.000000 0.000000 126.249868 6.013028e-01 1 1 1 176.950364 1.105968e-02 1.940927e-01 -2.424395e-03 5.275040e-03 3.896653e-04 2.866477e-04 6.145828e-05 -6.464878e-05 50.4661
125.000000 325.000000 0.416000 4.460000 -1.000000 1.000000 0.000000 79.135230 4.283693e-01 1 1 1 171.538309 3.905694e-03 7.587064e-02 -1.559512e-03 6.292770e-03 4.853010e-04 3.869381e-04 1.261828e-04 -6.601186e-05 3.35144
125.000000 325.000000 0.416000 4.830000 -1.000000 1.000000 0.000000 82.911872 4.742448e-01 1 1 1 171.538309 4.820094e-03 8.895430e-02 -1.559512e-03 6.292770e-03 4.853010e-04 3.869381e-04 1.261828e-04 -6.601186e-05 7.12808
125.000000 325.000000 0.416000 5.200000 -1.000000 1.000000 0.000000 90.503085 5.099124e-01 1 1 1 171.538309 5.873661e-03 1.030851e-01 -1.559512e-03 6.292770e-03 4.853010e-04 3.869381e-04 1.261828e-04 -6.601186e-05 14.7193
125.000000 325.000000 0.416000 5.570000 -1.000000 1.000000 0.000000 100.242400 5.377748e-01 1 1 1 171.538309 7.066192e-03 1.182620e-01 -1.559512e-03 6.292770e-03 4.853010e-04 3.869381e-04 1.261828e-04 -6.601186e-05 24.4586
125.000000 325.000000 0.416000 5.940000 -1.000000 1.000000 0.000000 110.580588 5.597360e-01 1 1 1 171.538309 8.397535e-03 1.344845e-01 -1.559512e-03 6.292770e-03 4.853010e-04 3.869381e-04 1.261828e-04 -6.601186e-05 34.7968
125.000000 325.000000 0.416000 6.310000 -1.000000 1.000000 0.000000 120.707583 5.772333e-01 1 1 1 171.538309 9.867575e-03 1.517521e-01 -1.559512e-03 6.292770e-03 4.853010e-04 3.869381e-04 1.261828e-04 -6.601186e-05 44.9238
125.000000 325.000000 0.416000 6.680000 -1.000000 1.000000 0.000000 130.128848 5.913323e-01 1 1 1 171.538309 1.147622e-02 1.700645e-01 -1.559512e-03 6.292770e-03 4.853010e-04 3.869381e-04 1.261828e-04 -6.601186e-05 54.3451
125.000000 325.000000 0.442000 4.090000 -1.000000 1.000000 0.000000 79.358191 4.074032e-01 1 1 1 165.582823 3.695059e-03 6.197278e-02 -6.751295e-04 7.472123e-03 6.010457e-04 4.897571e-04 1.938659e-04 -6.752749e-05 3.5744
125.000000 325.000000 0.442000 4.460000 -1.000000 1.000000 0.000000 82.849970 4.571520e-01 1 1 1 165.582823 4.636257e-03 7.366069e-02 -6.751295e-04 7.472123e-03 6.010457e-04 4.897571e-04 1.938659e-04 -6.752749e-05 7.06618
125.000000 325.000000 0.442000 4.830000 -1.000000 1.000000 0.000000 90.947119 4.951290e-01 1 1 1 165.582823 5.734791e-03 8.636631e-02 -6.751295e-04 7.472123e-03 6.010457e-04 4.897571e-04 1.938659e-04 -6.752749e-05 15.1633
125.000000 325.000000 0.442000 5.200000 -1.000000 1.000000 0.000000 101.429462 5.242549e-01 1 1 1 165.582823 6.990363e-03 1.000885e-01 -6.751295e-04 7.472123e-03 6.010457e-04 4.897571e-04 1.938659e-04 -6.752749e-05 25.6457
125.000000 325.000000 0.442000 5.570000 -1.000000 1.000000 0.000000 112.514170 5.468211e-01 1 1 1 165.582823 8.402755e-03 1.148263e-01 -6.751295e-04 7.472123e-03 6.010457e-04 4.897571e-04 1.938659e-04 -6.752749e-05 36.7304
125.000000 325.000000 0.442000 5.940000 -1.000000 1.000000 0.000000 123.210109 5.645233e-01 1 1 1 165.582823 9.971808e-03 1.305792e-01 -6.751295e-04 7.472123e-03 6.010457e-04 4.897571e-04 1.938659e-04 -6.752749e-05 47.4263
125.000000 325.000000 0.442000 6.310000 -1.000000 1.000000 0.000000 132.997403 5.785915e-01 1 1 1 165.582823 1.169740e-02 1.473469e-01 -6.751295e-04 7.472123e-03 6.010457e-04 4.897571e-04 1.938659e-04 -6.752749e-05 57.2136
125.000000 325.000000 0.468000 3.720000 -1.000000 1.000000 0.000000 79.909320 8.954045e-01 1 1 1 159.022864 3.399473e-03 4.959657e-02 2.170753e-04 8.841158e-03 7.417336e-04 5.936433e-04 2.641206e-04 -6.921293e-05 4.12553
125.000000 325.000000 0.468000 4.090000 -1.000000 1.000000 0.000000 82.279635 4.345041e-01 1 1 1 159.022864 4.344979e-03 5.991438e-02 2.170753e-04 8.841158e-03 7.417336e-04 5.936433e-04 2.641206e-04 -6.921293e-05 6.49585
125.000000 325.000000 0.468000 4.460000 -1.000000 1.000000 0.000000 90.483104 4.759582e-01 1 1 1 159.022864 5.467236e-03 7.121758e-02 2.170753e-04 8.841158e-03 7.417336e-04 5.936433e-04 2.641206e-04 -6.921293e-05 14.6993
125.000000 325.000000 0.468000 4.830000 -1.000000 1.000000 0.000000 101.574330 5.071255e-01 1 1 1 159.022864 6.765793e-03 8.350453e-02 2.170753e-04 8.841158e-03 7.417336e-04 5.936433e-04 2.641206e-04 -6.921293e-05 25.7905
125.000000 325.000000 0.468000 5.200000 -1.000000 1.000000 0.000000 113.411968 5.308178e-01 1 1 1 159.022864 8.240336e-03 9.677416e-02 2.170753e-04 8.841158e-03 7.417336e-04 5.936433e-04 2.641206e-04 -6.921293e-05 37.6282
125.000000 325.000000 0.468000 5.570000 -1.000000 1.000000 0.000000 124.733674 5.490832e-01 1 1 1 159.022864 9.890636e-03 1.110257e-01 2.170753e-04 8.841158e-03 7.417336e-04 5.936433e-04 2.641206e-04 -6.921293e-05 48.9499
125.000000 325.000000 0.468000 5.940000 -1.000000 1.000000 0.000000 134.951942 5.633750e-01 1 1 1 159.022864 1.171652e-02 1.262588e-01 2.170753e-04 8.841158e-03 7.417336e-04 5.936433e-04 2.641206e-04 -6.921293e-05 59.1682
125.000000 325.000000 0.494000 3.350000 -1.000000 1.000000 0.000000 81.200613 8.854080e-01 1 1 1 151.780076 3.037207e-03 3.872541e-02 1.102103e-03 1.043495e-02 9.137571e-04 6.966107e-04 3.364523e-04 -7.108865e-05 5.41682
125.000000 325.000000 0.494000 3.720000 -1.000000 1.000000 0.000000 81.260982 4.057501e-01 1 1 1 151.780076 3.961209e-03 4.770381e-02 1.102103e-03 1.043495e-02 9.137571e-04 6.966107e-04 3.364523e-04 -7.108865e-05 5.47719
125.000000 325.000000 0.494000 4.090000 -1.000000 1.000000 0.000000 88.945858 4.522031e-01 1 1 1 151.780076 5.082723e-03 5.763200e-02 1.102103e-03 1.043495e-02 9.137571e-04 6.966107e-04 3.364523e-04 -7.108865e-05 13.1621
125.000000 325.000000 0.494000 4.460000 -1.000000 1.000000 0.000000 100.520664 4.863972e-01 1 1 1 151.780076 6.401054e-03 6.850771e-02 1.102103e-03 1.043495e-02 9.137571e-04 6.966107e-04 3.364523e-04 -7.108865e-05 24.7369
125.000000 325.000000 0.494000 4.830000 -1.000000 1.000000 0.000000 113.153327 5.118457e-01 1 1 1 151.780076 7.915729e-03 8.032951e-02 1.102103e-03 1.043495e-02 9.137571e-04 6.966107e-04 3.364523e-04 -7.108865e-05 37.3695
125.000000 325.000000 0.494000 5.200000 -1.000000 1.000000 0.000000 125.214059 5.310835e-01 1 1 1 151.780076 9.626416e-03 9.309645e-02 1.102103e-03 1.043495e-02 9.137571e-04 6.966107e-04 3.364523e-04 -7.108865e-05 49.4303
125.000000 325.000000 0.494000 5.570000 -1.000000 1.000000 0.000000 135.978240 5.458735e-01 1 1 1 151.780076 1.153287e-02 1.068079e-01 1.102103e-03 1.043495e-02 9.137571e-04 6.966107e-04 3.364523e-04 -7.108865e-05 60.1945
125.000000 325.000000 0.520000 2.980000 -1.000000 1.000000 0.000000 84.449977 9.425557e-01 1 1 1 143.751283 2.632843e-03 2.933393e-02 1.960286e-03 1.229831e-02 1.125781e-03 7.958825e-04 4.102169e-04 -7.317906e-05 8.66619
125.000000 325.000000 0.520000 3.350000 -1.000000 1.000000 0.000000 84.702732 3.698277e-01 1 1 1 143.751283 3.506017e-03 3.700907e-02 1.960286e-03 1.229831e-02 1.125781e-03 7.958825e-04 4.102169e-04 -7.317906e-05 8.91894
125.000000 325.000000 0.520000 3.720000 -1.000000 1.000000 0.000000 94.665796 4.233236e-01 1 1 1 143.751283 4.599009e-03 4.559474e-02 1.960286e-03 1.229831e-02 1.125781e-03 7.958825e-04 4.102169e-04 -7.317906e-05 18.882
125.000000 325.000000 0.520000 4.090000 -1.000000 1.000000 0.000000 109.926955 4.618599e-01 1 1 1 143.751283 5.910692e-03 5.508770e-02 1.960286e-03 1.229831e-02 1.125781e-03 7.958825e-04 4.102169e-04 -7.317906e-05 34.1432
125.000000 325.000000 0.520000 4.460000 -1.000000 1.000000 0.000000 126.707265 4.898759e-01 1 1 1 143.751283 7.440336e-03 6.548600e-02 1.960286e-03 1.229831e-02 1.125781e-03 7.958825e-04 4.102169e-04 -7.317906e-05 50.9235
125.000000 325.000000 0.520000 4.830000 -1.000000 1.000000 0.000000 142.778484 5.105885e-01 1 1 1 143.751283 9.187444e-03 7.678840e-02 1.960286e-03 1.229831e-02 1.125781e-03 7.958825e-04 4.102169e-04 -7.317906e-05 66.9947
125.000000 325.000000 0.520000 5.200000 -1.000000 1.000000 0.000000 157.293500 5.261951e-01 1 1 1 143.751283 1.115167e-02 8.899408e-02 1.960286e-03 1.229831e-02 1.125781e-03 7.958825e-04 4.102169e-04 -7.317906e-05 81.5097
125.000000 325.000000 0.546000 2.980000 -1.000000 1.000000 0.000000 82.514966 3.250402e-01 1 1 1 134.796110 3.006757e-03 2.780132e-02 2.765147e-03 1.449007e-02 1.389919e-03 8.874343e-04 4.845549e-04 -7.551346e-05 6.73118
125.000000 325.000000 0.546000 3.350000 -1.000000 1.000000 0.000000 88.031137 3.883251e-01 1 1 1 134.796110 4.039938e-03 3.508246e-02 2.765147e-03 1.449007e-02 1.389919e-03 8.874343e-04 4.845549e-04 -7.551346e-05 12.2473
125.000000 325.000000 0.546000 3.720000 -1.000000 1.000000 0.000000 101.462534 4.330275e-01 1 1 1 134.796110 5.315247e-03 4.322597e-02 2.765147e-03 1.449007e-02 1.389919e-03 8.874343e-04 4.845549e-04 -7.551346e-05 25.6787
125.000000 325.000000 0.546000 4.090000 -1.000000 1.000000 0.000000 117.681544 4.647139e-01 1 1 1 134.796110 6.831502e-03 5.222911e-02 2.765147e-03 1.449007e-02 1.389919e-03 8.874343e-04 4.845549e-04 -7.551346e-05 41.8978
125.000000 325.000000 0.546000 4.460000 -1.000000 1.000000 0.000000 133.609733 4.875566e-01 1 1 1 134.796110 8.587937e-03 6.209023e-02 2.765147e-03 1.449007e-02 1.389919e-03 8.874343e-04 4.845549e-04 -7.551346e-05 57.8259
125.000000 325.000000 0.546000 4.830000 -1.000000 1.000000 0.000000 147.887968 5.043750e-01 1 1 1 134.796110 1.058403e-02 7.280831e-02 2.765147e-03 1.449007e-02 1.389919e-03 8.874343e-04 4.845549e-04 -7.551346e-05 72.1042
125.000000 325.000000 0.546000 5.200000 -1.000000 1.000000 0.000000 160.313011 5.170259e-01 1 1 1 134.796110 1.281942e-02 8.438265e-02 2.765147e-03 1.449007e-02 1.389919e-03 8.874343e-04 4.845549e-04 -7.551346e-05 84.5292
125.000000 325.000000 0.572000 2.610000 -1.000000 1.000000 0.000000 84.696397 8.435015e-01 1 1 1 124.715161 2.497407e-03 2.004212e-02 3.479833e-03 1.709024e-02 1.723788e-03 9.651619e-04 5.582833e-04 -7.812728e-05 8.91261
125.000000 325.000000 0.572000 2.980000 -1.000000 1.000000 0.000000 84.169126 3.455824e-01 1 1 1 124.715161 3.435602e-03 2.606274e-02 3.479833e-03 1.709024e-02 1.723788e-03 9.651619e-04 5.582833e-04 -7.812728e-05 8.38534
125.000000 325.000000 0.572000 3.350000 -1.000000 1.000000 0.000000 95.240828 3.990261e-01 1 1 1 124.715161 4.641310e-03 3.289509e-02 3.479833e-03 1.709024e-02 1.723788e-03 9.651619e-04 5.582833e-04 -7.812728e-05 19.457
125.000000 325.000000 0.572000 3.720000 -1.000000 1.000000 0.000000 111.295452 4.359474e-01 1 1 1 124.715161 6.112528e-03 4.053527e-02 3.479833e-03 1.709024e-02 1.723788e-03 9.651619e-04 5.582833e-04 -7.812728e-05 35.5117
125.000000 325.000000 0.572000 4.090000 -1.000000 1.000000 0.000000 127.845074 4.618224e-01 1 1 1 124.715161 7.848021e-03 4.898106e-02 3.479833e-03 1.709024e-02 1.723788e-03 9.651619e-04 5.582833e-04 -7.812728e-05 52.0613
125.000000 325.000000 0.572000 4.460000 -1.000000 1.000000 0.000000 142.708240 4.803726e-01 1 1 1 124.715161 9.846991e-03 5.823111e-02 3.479833e-03 1.709024e-02 1.723788e-03 9.651619e-04 5.582833e-04 -7.812728e-05 66.9245
125.000000 325.000000 0.572000 4.830000 -1.000000 1.000000 0.000000 155.431495 4.939984e-01 1 1 1 124.715161 1.210889e-02 6.828457e-02 3.479833e-03 1.709024e-02 1.723788e-03 9.651619e-04 5.582833e-04 -7.812728e-05 79.6477
125.000000 325.000000 0.598000 2.240000 -1.000000 1.000000 0.000000 92.264853 9.341873e-01 1 1 1 113.208089 2.019414e-03 1.368235e-02 4.050736e-03 2.021268e-02 2.154362e-03 1.019230e-03 6.297072e-04 -8.106374e-05 16.4811
125.000000 325.000000 0.598000 2.610000 -1.000000 1.000000 0.000000 83.441110 2.926606e-01 1 1 1 113.208089 2.822720e-03 1.849302e-02 4.050736e-03 2.021268e-02 2.154362e-03 1.019230e-03 6.297072e-04 -8.106374e-05 7.65732
125.000000 325.000000 0.598000 2.980000 -1.000000 1.000000 0.000000 90.039246 3.584004e-01 1 1 1 113.208089 3.921712e-03 2.405757e-02 4.050736e-03 2.021268e-02 2.154362e-03 1.019230e-03 6.297072e-04 -8.106374e-05 14.2555
125.000000 325.000000 0.598000 3.350000 -1.000000 1.000000 0.000000 105.543001 4.028426e-01 1 1 1 113.208089 5.312760e-03 3.037025e-02 4.050736e-03 2.021268e-02 2.154362e-03 1.019230e-03 6.297072e-04 -8.106374e-05 29.7592
125.000000 325.000000 0.598000 3.720000 -1.000000 1.000000 0.000000 123.101647 4.330502e-01 1 1 1 113.208089 6.993773e-03 3.742802e-02 4.050736e-03 2.021268e-02 2.154362e-03 1.019230e-03 6.297072e-04 -8.106374e-05 47.3179
125.000000 325.000000 0.598000 4.090000 -1.000000 1.000000 0.000000 139.190249 4.540545e-01 1 1 1 113.208089 8.963466e-03 4.522913e-02 4.050736e-03 2.021268e-02 2.154362e-03 1.019230e-03 6.297072e-04 -8.106374e-05 63.4065
125.000000 325.000000 0.598000 4.460000 -1.000000 1.000000 0.000000 152.834694 4.690612e-01 1 1 1 113.208089 1.122101e-02 5.377254e-02 4.050736e-03 2.021268e-02 2.154362e-03 1.019230e-03 6.297072e-04 -8.106374e-05 77.0509
125.000000 325.000000 0.598000 4.830000 -1.000000 1.000000 0.000000 164.219382 4.800719e-01 1 1 1 113.208089 1.376583e-02 6.305759e-02 4.050736e-03 2.021268e-02 2.154362e-03 1.019230e-03 6.297072e-04 -8.106374e-05 88.4356
125.000000 325.000000 0.624000 2.240000 -1.000000 1.000000 0.000000 89.489111 7.673105e-01 1 1 1 99.782721 2.246881e-03 1.231800e-02 4.394932e-03 2.402971e-02 2.726001e-03 1.032405e-03 6.962610e-04 -8.437601e-05 13.7053
125.000000 325.000000 0.624000 2.610000 -1.000000 1.000000 0.000000 85.393109 3.445060e-01 1 1 1 99.782721 3.197289e-03 1.666258e-02 4.394932e-03 2.402971e-02 2.726001e-03 1.032405e-03 6.962610e-04 -8.437601e-05 9.60932
125.000000 325.000000 0.624000 2.980000 -1.000000 1.000000 0.000000 96.496814 4.180723e-01 1 1 1 99.782721 4.469152e-03 2.168461e-02 4.394932e-03 2.402971e-02 2.726001e-03 1.032405e-03 6.962610e-04 -8.437601e-05 20.713
125.000000 325.000000 0.624000 3.350000 -1.000000 1.000000 0.000000 113.195723 4.642045e-01 1 1 1 99.782721 6.058682e-03 2.737988e-02 4.394932e-03 2.402971e-02 2.726001e-03 1.032405e-03 6.962610e-04 -8.437601e-05 37.4119
125.000000 325.000000 0.624000 3.720000 -1.000000 1.000000 0.000000 129.430072 4.871955e-01 1 1 1 99.782721 7.963706e-03 3.374616e-02 4.394932e-03 2.402971e-02 2.726001e-03 1.032405e-03 6.962610e-04 -8.437601e-05 53.6463
125.000000 325.000000 0.624000 4.090000 -1.000000 1.000000 0.000000 142.939778 4.925652e-01 1 1 1 99.782721 1.018289e-02 4.078218e-02 4.394932e-03 2.402971e-02 2.726001e-03 1.032405e-03 6.962610e-04 -8.437601e-05 67.156
125.000000 325.000000 0.624000 4.460000 -1.000000 1.000000 0.000000 153.617942 4.855300e-01 1 1 1 99.782721 1.271536e-02 4.848715e-02 4.394932e-03 2.402971e-02 2.726001e-03 1.032405e-03 6.962610e-04 -8.437601e-05 77.8342
125.000000 325.000000 0.624000 4.830000 -1.000000 1.000000 0.000000 162.060768 4.703913e-01 1 1 1 99.782721 1.556054e-02 5.686062e-02 4.394932e-03 2.402971e-02 2.726001e-03 1.032405e-03 6.962610e-04 -8.437601e-05 86.277
125.000000 325.000000 0.650000 2.240000 -1.000000 1.000000 0.000000 86.889901 6.164814e-01 1 1 1 83.519048 2.528112e-03 1.063803e-02 4.371807e-03 2.882613e-02 3.519742e-03 9.704449e-04 7.537390e-04 -8.813027e-05 11.1061
125.000000 325.000000 0.650000 2.610000 -1.000000 1.000000 0.000000 91.422810 4.217397e-01 1 1 1 83.519048 3.637007e-03 1.440160e-02 4.371807e-03 2.882613e-02 3.519742e-03 9.704449e-04 7.537390e-04 -8.813027e-05 15.639
125.000000 325.000000 0.650000 2.980000 -1.000000 1.000000 0.000000 107.380963 4.972813e-01 1 1 1 83.519048 5.094188e-03 1.874902e-02 4.371807e-03 2.882613e-02 3.519742e-03 9.704449e-04 7.537390e-04 -8.813027e-05 31.5972
125.000000 325.000000 0.650000 3.350000 -1.000000 1.000000 0.000000 125.204144 5.412217e-01 1 1 1 83.519048 6.895717e-03 2.367750e-02 4.371807e-03 2.882613e-02 3.519742e-03 9.704449e-04 7.537390e-04 -8.813027e-05 49.4204
125.000000 325.000000 0.650000 3.720000 -1.000000 1.000000 0.000000 140.397327 5.596945e-01 1 1 1 83.519048 9.039337e-03 2.918557e-02 4.371807e-03 2.882613e-02 3.519742e-03 9.704449e-04 7.537390e-04 -8.813027e-05 64.6135
125.000000 325.000000 0.650000 4.090000 -1.000000 1.000000 0.000000 152.300944 5.594586e-01 1 1 1 83.519048 1.152366e-02 3.527240e-02 4.371807e-03 2.882613e-02 3.519742e-03 9.704449e-04 7.537390e-04 -8.813027e-05 76.5172
125.000000 325.000000 0.650000 4.460000 -1.000000 1.000000 0.000000 161.479572 5.465012e-01 1 1 1 83.519048 1.434780e-02 4.193748e-02 4.371807e-03 2.882613e-02 3.519742e-03 9.704449e-04 7.537390e-04 -8.813027e-05 85.6958
