mh mH cba tb Z4 Z5 Z7 chisq tot_hbobs stb uni per mA Gamma_h Gamma_A S T U V W X  chisqdiff
125.000000 500.000000 -0.039960 1.500000 2.000000 -2.000000 0.000000 77.344384 7.569868e-01 1 1 1 608.994981 4.666580e-03 1.521809e+01 5.520005e-03 -5.079696e-04 -3.326549e-05 -1.267440e-04 -1.284304e-04 -2.371203e-05 1.54138
125.000000 500.000000 -0.039960 1.870000 2.000000 -2.000000 0.000000 77.567467 5.485224e-01 1 1 1 608.994981 4.763064e-03 1.056945e+01 5.520005e-03 -5.079696e-04 -3.326549e-05 -1.267440e-04 -1.284304e-04 -2.371203e-05 1.76446
125.000000 500.000000 0.000000 1.500000 2.000000 -2.000000 0.000000 75.803007 7.886683e-01 1 1 1 609.302172 4.339300e-03 1.513580e+01 5.369191e-03 7.282082e-17 -2.465584e-05 -1.379751e-04 -1.349568e-04 -2.367645e-05 0
125.000000 500.000000 0.000000 1.870000 2.000000 -2.000000 0.000000 75.803007 7.886683e-01 1 1 1 609.302172 4.339300e-03 1.048446e+01 5.369191e-03 7.282082e-17 -2.465584e-05 -1.379751e-04 -1.349568e-04 -2.367645e-05 0
125.000000 500.000000 0.000000 2.240000 2.000000 -2.000000 0.000000 75.803007 7.886683e-01 1 1 1 609.302172 4.339300e-03 7.949924e+00 5.369191e-03 7.282082e-17 -2.465584e-05 -1.379751e-04 -1.349568e-04 -2.367645e-05 0
125.000000 500.000000 0.000000 2.610000 2.000000 -2.000000 0.000000 75.803007 7.886683e-01 1 1 1 609.302172 4.339300e-03 6.424206e+00 5.369191e-03 9.362677e-16 -2.465584e-05 -1.379751e-04 -1.349568e-04 -2.367645e-05 0
125.000000 500.000000 0.000000 2.980000 2.000000 -2.000000 0.000000 75.803007 7.886683e-01 1 1 1 609.302172 4.339300e-03 5.440514e+00 5.369191e-03 0.000000e+00 -2.465584e-05 -1.379751e-04 -1.349568e-04 -2.367645e-05 0
125.000000 500.000000 0.000000 3.350000 2.000000 -2.000000 0.000000 75.803007 7.886683e-01 1 1 1 609.302172 4.339300e-03 4.774492e+00 5.369191e-03 9.362677e-16 -2.465584e-05 -1.379751e-04 -1.349568e-04 -2.367645e-05 0
125.000000 500.000000 0.000000 3.720000 2.000000 -2.000000 0.000000 75.803007 7.886683e-01 1 1 1 609.302172 4.339300e-03 4.307438e+00 5.369191e-03 0.000000e+00 -2.465584e-05 -1.379751e-04 -1.349568e-04 -2.367645e-05 0
125.000000 500.000000 0.000000 4.090000 2.000000 -2.000000 0.000000 75.803007 7.886683e-01 1 1 1 609.302172 4.339300e-03 3.971770e+00 5.369191e-03 7.282082e-17 -2.465584e-05 -1.379751e-04 -1.349568e-04 -2.367645e-05 0
125.000000 500.000000 0.000000 4.460000 2.000000 -2.000000 0.000000 75.803007 7.886683e-01 1 1 1 609.302172 4.339300e-03 3.726714e+00 5.369191e-03 7.282082e-17 -2.465584e-05 -1.379751e-04 -1.349568e-04 -2.367645e-05 0
125.000000 500.000000 0.000000 4.830000 2.000000 -2.000000 0.000000 75.803007 7.886683e-01 1 1 1 609.302172 4.339300e-03 3.546488e+00 5.369191e-03 5.340193e-16 -2.465584e-05 -1.379751e-04 -1.349568e-04 -2.367645e-05 0
125.000000 500.000000 0.000000 5.200000 2.000000 -2.000000 0.000000 75.803007 7.886683e-01 1 1 1 609.302172 4.339300e-03 3.414141e+00 5.369191e-03 7.282082e-17 -2.465584e-05 -1.379751e-04 -1.349568e-04 -2.367645e-05 0
125.000000 500.000000 0.000000 5.570000 2.000000 -2.000000 0.000000 75.803007 7.886683e-01 1 1 1 609.302172 4.339300e-03 3.318157e+00 5.369191e-03 -7.767554e-16 -2.465584e-05 -1.379751e-04 -1.349568e-04 -2.367645e-05 0
125.000000 500.000000 0.000000 5.940000 2.000000 -2.000000 0.000000 75.803007 7.886683e-01 1 1 1 609.302172 4.339300e-03 3.250492e+00 5.369191e-03 0.000000e+00 -2.465584e-05 -1.379751e-04 -1.349568e-04 -2.367645e-05 0
125.000000 500.000000 0.000000 6.310000 2.000000 -2.000000 0.000000 75.803007 7.886683e-01 1 1 1 609.302172 4.339300e-03 3.205388e+00 5.369191e-03 3.155569e-16 -2.465584e-05 -1.379751e-04 -1.349568e-04 -2.367645e-05 0
125.000000 500.000000 0.000000 6.680000 2.000000 -2.000000 0.000000 75.803007 7.886683e-01 1 1 1 609.302172 4.339300e-03 3.178636e+00 5.369191e-03 0.000000e+00 -2.465584e-05 -1.379751e-04 -1.349568e-04 -2.367645e-05 0
125.000000 500.000000 0.000000 7.050000 2.000000 -2.000000 0.000000 75.803007 7.886683e-01 1 1 1 609.302172 4.339300e-03 3.167102e+00 5.369191e-03 0.000000e+00 -2.465584e-05 -1.379751e-04 -1.349568e-04 -2.367645e-05 0
125.000000 500.000000 0.000000 7.420000 2.000000 -2.000000 0.000000 75.803007 7.886683e-01 1 1 1 609.302172 4.339300e-03 3.168414e+00 5.369191e-03 9.362677e-16 -2.465584e-05 -1.379751e-04 -1.349568e-04 -2.367645e-05 0
125.000000 500.000000 0.000000 7.790000 2.000000 -2.000000 0.000000 75.803007 7.886683e-01 1 1 1 609.302172 4.339300e-03 3.180748e+00 5.369191e-03 4.022483e-16 -2.465584e-05 -1.379751e-04 -1.349568e-04 -2.367645e-05 0
125.000000 500.000000 0.000000 8.160000 2.000000 -2.000000 0.000000 75.803007 7.886683e-01 1 1 1 609.302172 4.339300e-03 3.202686e+00 5.369191e-03 0.000000e+00 -2.465584e-05 -1.379751e-04 -1.349568e-04 -2.367645e-05 0
125.000000 500.000000 0.000000 8.530000 2.000000 -2.000000 0.000000 75.803007 7.886683e-01 1 1 1 609.302172 4.339300e-03 3.233108e+00 5.369191e-03 7.906260e-16 -2.465584e-05 -1.379751e-04 -1.349568e-04 -2.367645e-05 0
125.000000 500.000000 0.000000 8.900000 2.000000 -2.000000 0.000000 75.803007 7.886683e-01 1 1 1 609.302172 4.339300e-03 3.271124e+00 5.369191e-03 -7.039346e-16 -2.465584e-05 -1.379751e-04 -1.349568e-04 -2.367645e-05 0
125.000000 500.000000 0.000000 9.270000 2.000000 -2.000000 0.000000 75.803007 7.886683e-01 1 1 1 609.302172 4.339300e-03 3.316018e+00 5.369191e-03 7.282082e-17 -2.465584e-05 -1.379751e-04 -1.349568e-04 -2.367645e-05 0
125.000000 500.000000 0.000000 9.640000 2.000000 -2.000000 0.000000 75.803007 7.886683e-01 1 1 1 609.302172 4.339300e-03 3.367207e+00 5.369191e-03 0.000000e+00 -2.465584e-05 -1.379751e-04 -1.349568e-04 -2.367645e-05 0
125.000000 500.000000 0.000000 10.010000 2.000000 -2.000000 0.000000 75.803007 7.886683e-01 1 1 1 609.302172 4.339300e-03 3.424215e+00 5.369191e-03 8.495762e-16 -2.465584e-05 -1.379751e-04 -1.349568e-04 -2.367645e-05 0
125.000000 500.000000 0.000000 10.380000 2.000000 -2.000000 0.000000 75.803007 7.886683e-01 1 1 1 609.302172 4.339300e-03 3.486650e+00 5.369191e-03 7.906260e-16 -2.465584e-05 -1.379751e-04 -1.349568e-04 -2.367645e-05 0
125.000000 500.000000 0.000000 10.750000 2.000000 -2.000000 0.000000 75.803007 7.886683e-01 1 1 1 609.302172 4.339300e-03 3.554184e+00 5.369191e-03 7.282082e-17 -2.465584e-05 -1.379751e-04 -1.349568e-04 -2.367645e-05 0
125.000000 500.000000 0.000000 11.120000 2.000000 -2.000000 0.000000 75.803007 7.886683e-01 1 1 1 609.302172 4.339300e-03 3.626545e+00 5.369191e-03 7.282082e-17 -2.465584e-05 -1.379751e-04 -1.349568e-04 -2.367645e-05 0
125.000000 500.000000 0.000000 11.490000 2.000000 -2.000000 0.000000 75.803007 7.886683e-01 1 1 1 609.302172 4.339300e-03 3.703503e+00 5.369191e-03 0.000000e+00 -2.465584e-05 -1.379751e-04 -1.349568e-04 -2.367645e-05 0
125.000000 500.000000 0.000000 11.860000 2.000000 -2.000000 0.000000 75.803007 7.886683e-01 1 1 1 609.302172 4.339300e-03 3.784863e+00 5.369191e-03 7.282082e-17 -2.465584e-05 -1.379751e-04 -1.349568e-04 -2.367645e-05 0
125.000000 500.000000 0.000000 12.230000 2.000000 -2.000000 0.000000 75.803007 7.886683e-01 1 1 1 609.302172 4.339300e-03 3.870459e+00 5.369191e-03 8.634468e-16 -2.465584e-05 -1.379751e-04 -1.349568e-04 -2.367645e-05 0
125.000000 500.000000 0.000000 12.600000 2.000000 -2.000000 0.000000 75.803007 7.886683e-01 1 1 1 609.302172 4.339300e-03 3.960150e+00 5.369191e-03 8.495762e-16 -2.465584e-05 -1.379751e-04 -1.349568e-04 -2.367645e-05 0
125.000000 500.000000 0.000000 12.970000 2.000000 -2.000000 0.000000 75.803007 7.886683e-01 1 1 1 609.302172 4.339300e-03 4.053815e+00 5.369191e-03 7.906260e-16 -2.465584e-05 -1.379751e-04 -1.349568e-04 -2.367645e-05 0
125.000000 500.000000 0.000000 13.340000 2.000000 -2.000000 0.000000 75.803007 7.886683e-01 1 1 1 609.302172 4.339300e-03 4.151347e+00 5.369191e-03 7.282082e-17 -2.465584e-05 -1.379751e-04 -1.349568e-04 -2.367645e-05 0
125.000000 500.000000 0.000000 13.710000 2.000000 -2.000000 0.000000 75.803007 7.886683e-01 1 1 1 609.302172 4.339300e-03 4.252656e+00 5.369191e-03 8.634468e-16 -2.465584e-05 -1.379751e-04 -1.349568e-04 -2.367645e-05 0
125.000000 500.000000 0.000000 14.080000 2.000000 -2.000000 0.000000 75.803007 7.886683e-01 1 1 1 609.302172 4.339300e-03 4.357663e+00 5.369191e-03 7.906260e-16 -2.465584e-05 -1.379751e-04 -1.349568e-04 -2.367645e-05 0
125.000000 500.000000 0.000000 14.450000 2.000000 -2.000000 0.000000 75.803007 7.886683e-01 1 1 1 609.302172 4.339300e-03 4.466299e+00 5.369191e-03 0.000000e+00 -2.465584e-05 -1.379751e-04 -1.349568e-04 -2.367645e-05 0
125.000000 500.000000 0.000000 14.820000 2.000000 -2.000000 0.000000 75.803007 7.886683e-01 1 1 1 609.302172 4.339300e-03 4.578502e+00 5.369191e-03 7.906260e-16 -2.465584e-05 -1.379751e-04 -1.349568e-04 -2.367645e-05 0
125.000000 500.000000 0.000000 15.190000 2.000000 -2.000000 0.000000 75.803007 7.886683e-01 1 1 1 609.302172 4.339300e-03 4.694219e+00 5.369191e-03 7.767554e-16 -2.465584e-05 -1.379751e-04 -1.349568e-04 -2.367645e-05 0
125.000000 500.000000 0.000000 15.560000 2.000000 -2.000000 0.000000 75.803007 7.886683e-01 1 1 1 609.302172 4.339300e-03 4.813404e+00 5.369191e-03 9.362677e-16 -2.465584e-05 -1.379751e-04 -1.349568e-04 -2.367645e-05 0
125.000000 500.000000 0.000000 15.930000 2.000000 -2.000000 0.000000 75.803007 7.886683e-01 1 1 1 609.302172 4.339300e-03 4.936013e+00 5.369191e-03 8.495762e-16 -2.465584e-05 -1.379751e-04 -1.349568e-04 -2.367645e-05 0
125.000000 500.000000 0.000000 16.300000 2.000000 -2.000000 0.000000 75.803007 7.886683e-01 1 1 1 609.302172 4.339300e-03 5.062011e+00 5.369191e-03 -7.178052e-16 -2.465584e-05 -1.379751e-04 -1.349568e-04 -2.367645e-05 0
125.000000 500.000000 0.000000 16.670000 2.000000 -2.000000 0.000000 75.803007 7.886683e-01 1 1 1 609.302172 4.339300e-03 5.191364e+00 5.369191e-03 1.456416e-16 -2.465584e-05 -1.379751e-04 -1.349568e-04 -2.367645e-05 0
125.000000 500.000000 0.000000 17.040000 2.000000 -2.000000 0.000000 75.803007 7.886683e-01 1 1 1 609.302172 4.339300e-03 5.324043e+00 5.369191e-03 0.000000e+00 -2.465584e-05 -1.379751e-04 -1.349568e-04 -2.367645e-05 0
125.000000 500.000000 0.000000 17.410000 2.000000 -2.000000 0.000000 75.803007 8.000000e-01 1 1 1 609.302172 4.339300e-03 5.460022e+00 5.369191e-03 1.165133e-15 -2.465584e-05 -1.379751e-04 -1.349568e-04 -2.367645e-05 0
125.000000 500.000000 0.000000 17.780000 2.000000 -2.000000 0.000000 75.803007 8.376278e-01 1 1 1 609.302172 4.339300e-03 5.599276e+00 5.369191e-03 -7.039346e-16 -2.465584e-05 -1.379751e-04 -1.349568e-04 -2.367645e-05 0
125.000000 500.000000 0.000000 18.150000 2.000000 -2.000000 0.000000 75.803007 8.752137e-01 1 1 1 609.302172 4.339300e-03 5.741785e+00 5.369191e-03 0.000000e+00 -2.465584e-05 -1.379751e-04 -1.349568e-04 -2.367645e-05 0
125.000000 500.000000 0.000000 18.520000 2.000000 -2.000000 0.000000 75.803007 9.142857e-01 1 1 1 609.302172 4.339300e-03 5.887530e+00 5.369191e-03 0.000000e+00 -2.465584e-05 -1.379751e-04 -1.349568e-04 -2.367645e-05 0
125.000000 500.000000 0.000000 18.890000 2.000000 -2.000000 0.000000 75.803007 9.547786e-01 1 1 1 609.302172 4.339300e-03 6.036492e+00 5.369191e-03 0.000000e+00 -2.465584e-05 -1.379751e-04 -1.349568e-04 -2.367645e-05 0
125.000000 500.000000 0.000000 19.260000 2.000000 -2.000000 0.000000 75.803007 9.965937e-01 1 1 1 609.302172 4.339300e-03 6.188657e+00 5.369191e-03 0.000000e+00 -2.465584e-05 -1.379751e-04 -1.349568e-04 -2.367645e-05 0
125.000000 500.000000 0.039960 1.870000 2.000000 -2.000000 0.000000 76.265787 7.199115e-01 1 1 1 608.994981 3.934745e-03 1.056945e+01 5.520005e-03 -5.079696e-04 -3.326549e-05 -1.267440e-04 -1.284304e-04 -2.371203e-05 0.46278
125.000000 500.000000 0.039960 2.240000 2.000000 -2.000000 0.000000 76.556302 7.305576e-01 1 1 1 608.994981 3.852592e-03 8.036394e+00 5.520005e-03 -5.079696e-04 -3.326549e-05 -1.267440e-04 -1.284304e-04 -2.371203e-05 0.753295
125.000000 500.000000 0.039960 2.610000 2.000000 -2.000000 0.000000 76.911639 7.425922e-01 1 1 1 608.994981 3.772673e-03 6.511568e+00 5.520005e-03 -5.079696e-04 -3.326549e-05 -1.267440e-04 -1.284304e-04 -2.371203e-05 1.10863
125.000000 500.000000 0.039960 2.980000 2.000000 -2.000000 0.000000 77.334562 7.556286e-01 1 1 1 608.994981 3.694628e-03 5.528452e+00 5.520005e-03 -5.079696e-04 -3.326549e-05 -1.267440e-04 -1.284304e-04 -2.371203e-05 1.53156
125.000000 500.000000 0.039960 3.350000 2.000000 -2.000000 0.000000 77.827241 7.694538e-01 1 1 1 608.994981 3.618258e-03 4.862821e+00 5.520005e-03 -5.079696e-04 -3.326549e-05 -1.267440e-04 -1.284304e-04 -2.371203e-05 2.02423
125.000000 500.000000 0.039960 3.720000 2.000000 -2.000000 0.000000 78.404963 7.839418e-01 1 1 1 608.994981 3.543441e-03 4.396043e+00 5.520005e-03 -5.079696e-04 -3.326549e-05 -1.267440e-04 -1.284304e-04 -2.371203e-05 2.60196
125.000000 500.000000 0.039960 4.090000 2.000000 -2.000000 0.000000 79.031364 7.990138e-01 1 1 1 608.994981 3.470103e-03 4.060575e+00 5.520005e-03 -5.079696e-04 -3.326549e-05 -1.267440e-04 -1.284304e-04 -2.371203e-05 3.22836
125.000000 500.000000 0.039960 4.460000 2.000000 -2.000000 0.000000 79.741572 8.146183e-01 1 1 1 608.994981 3.398192e-03 3.815668e+00 5.520005e-03 -5.079696e-04 -3.326549e-05 -1.267440e-04 -1.284304e-04 -2.371203e-05 3.93857
125.000000 500.000000 0.039960 4.830000 2.000000 -2.000000 0.000000 80.526727 8.307209e-01 1 1 1 608.994981 3.327674e-03 3.635553e+00 5.520005e-03 -5.079696e-04 -3.326549e-05 -1.267440e-04 -1.284304e-04 -2.371203e-05 4.72372
125.000000 500.000000 0.039960 5.200000 2.000000 -2.000000 0.000000 81.387489 8.472974e-01 1 1 1 608.994981 3.258522e-03 3.503288e+00 5.520005e-03 -5.079696e-04 -3.326549e-05 -1.267440e-04 -1.284304e-04 -2.371203e-05 5.58448
125.000000 500.000000 0.039960 5.570000 2.000000 -2.000000 0.000000 82.323310 8.643306e-01 1 1 1 608.994981 3.190719e-03 3.407367e+00 5.520005e-03 -5.079696e-04 -3.326549e-05 -1.267440e-04 -1.284304e-04 -2.371203e-05 6.5203
125.000000 500.000000 0.039960 5.940000 2.000000 -2.000000 0.000000 83.260435 8.818077e-01 1 1 1 608.994981 3.124251e-03 3.339748e+00 5.520005e-03 -5.079696e-04 -3.326549e-05 -1.267440e-04 -1.284304e-04 -2.371203e-05 7.45743
125.000000 500.000000 0.039960 6.310000 2.000000 -2.000000 0.000000 84.350142 8.997188e-01 1 1 1 608.994981 3.059107e-03 3.294678e+00 5.520005e-03 -5.079696e-04 -3.326549e-05 -1.267440e-04 -1.284304e-04 -2.371203e-05 8.54714
125.000000 500.000000 0.039960 6.680000 2.000000 -2.000000 0.000000 85.514856 9.180558e-01 1 1 1 608.994981 2.995280e-03 3.267950e+00 5.520005e-03 -5.079696e-04 -3.326549e-05 -1.267440e-04 -1.284304e-04 -2.371203e-05 9.71185
125.000000 500.000000 0.039960 7.050000 2.000000 -2.000000 0.000000 86.751588 9.368118e-01 1 1 1 608.994981 2.932762e-03 3.256431e+00 5.520005e-03 -5.079696e-04 -3.326549e-05 -1.267440e-04 -1.284304e-04 -2.371203e-05 10.9486
125.000000 500.000000 0.039960 7.420000 2.000000 -2.000000 0.000000 88.065064 9.559801e-01 1 1 1 608.994981 2.871548e-03 3.257751e+00 5.520005e-03 -5.079696e-04 -3.326549e-05 -1.267440e-04 -1.284304e-04 -2.371203e-05 12.2621
125.000000 500.000000 0.039960 7.790000 2.000000 -2.000000 0.000000 89.451770 9.755543e-01 1 1 1 608.994981 2.811634e-03 3.270088e+00 5.520005e-03 -5.079696e-04 -3.326549e-05 -1.267440e-04 -1.284304e-04 -2.371203e-05 13.6488
125.000000 500.000000 0.039960 8.160000 2.000000 -2.000000 0.000000 90.823979 9.955277e-01 1 1 1 608.994981 2.753017e-03 3.292022e+00 5.520005e-03 -5.079696e-04 -3.326549e-05 -1.267440e-04 -1.284304e-04 -2.371203e-05 15.021
125.000000 500.000000 0.079920 2.610000 2.000000 -2.000000 0.000000 81.919723 8.749508e-01 1 1 1 608.072476 3.258760e-03 6.772703e+00 5.972553e-03 -2.032993e-03 -5.914838e-05 -9.305438e-05 -1.088562e-04 -2.381942e-05 6.11672
125.000000 500.000000 0.079920 2.980000 2.000000 -2.000000 0.000000 83.775395 9.065368e-01 1 1 1 608.072476 3.122302e-03 5.791318e+00 5.972553e-03 -2.032993e-03 -5.914838e-05 -9.305438e-05 -1.088562e-04 -2.381942e-05 7.97239
125.000000 500.000000 0.079920 3.350000 2.000000 -2.000000 0.000000 86.012008 9.405215e-01 1 1 1 608.072476 2.991757e-03 5.126864e+00 5.972553e-03 -2.032993e-03 -5.914838e-05 -9.305438e-05 -1.088562e-04 -2.381942e-05 10.209
125.000000 500.000000 0.079920 3.720000 2.000000 -2.000000 0.000000 88.541268 9.766424e-01 1 1 1 608.072476 2.866879e-03 4.660916e+00 5.972553e-03 -2.032993e-03 -5.914838e-05 -9.305438e-05 -1.088562e-04 -2.381942e-05 12.7383
