mh mH cba tb Z4 Z5 Z7 chisq tot_hbobs stb uni per mA Gamma_h Gamma_A mHc l6 l7 m12_2 S T U V W X  chisqdiff
125.000000 500.000000 -0.104000 1.500000 -3.074867 2.991238 0.000000 83.408787 7.543278e-01 0 1 1 257.142946 5.203518e-03 2.499429e-02 5.000000e+02 0.000000e+00 9.714451e-17 1.007878e+05 -1.221107e-02 1.490705e-02 1.332042e-04 -1.738186e-04 -1.543373e-04 -2.367645e-05 7.64124
125.000000 500.000000 -0.104000 1.870000 -3.074867 2.991238 0.000000 84.593431 6.050222e-01 0 1 1 257.142946 5.477247e-03 3.024610e-02 5.000000e+02 0.000000e+00 1.179612e-16 9.535626e+04 -1.221107e-02 1.490705e-02 1.332042e-04 -1.738186e-04 -1.543373e-04 -2.367645e-05 8.82588
125.000000 500.000000 -0.104000 2.240000 -3.074867 2.991238 0.000000 86.215140 4.713464e-01 0 1 1 257.142946 5.755762e-03 3.757781e-02 5.000000e+02 2.775558e-17 -1.526557e-16 8.708532e+04 -1.221107e-02 1.490705e-02 1.332042e-04 -1.738186e-04 -1.543373e-04 -2.367645e-05 10.4476
125.000000 500.000000 -0.078000 1.500000 -3.056573 3.009532 0.000000 80.381595 9.012101e-01 0 1 1 257.142946 4.983989e-03 2.090687e-02 5.000000e+02 2.775558e-17 2.775558e-17 1.046323e+05 -1.249264e-02 8.385217e-03 7.134238e-05 -2.049356e-04 -1.740635e-04 -2.367645e-05 4.61404
125.000000 500.000000 -0.078000 1.870000 -3.056573 3.009532 0.000000 81.127438 6.989761e-01 0 1 1 257.142946 5.182487e-03 2.615868e-02 5.000000e+02 0.000000e+00 9.367507e-17 9.769145e+04 -1.249264e-02 8.385217e-03 7.134238e-05 -2.049356e-04 -1.740635e-04 -2.367645e-05 5.35989
125.000000 500.000000 -0.078000 2.240000 -3.056573 3.009532 0.000000 82.152092 5.285161e-01 0 1 1 257.142946 5.382878e-03 3.349039e-02 5.000000e+02 0.000000e+00 -8.326673e-17 8.874700e+04 -1.249264e-02 8.385217e-03 7.134238e-05 -2.049356e-04 -1.740635e-04 -2.367645e-05 6.38454
125.000000 500.000000 -0.078000 2.610000 -3.056573 3.009532 0.000000 83.419009 4.547952e-01 0 1 1 257.142946 5.586407e-03 4.257483e-02 5.000000e+02 0.000000e+00 1.387779e-16 8.031348e+04 -1.249264e-02 8.385217e-03 7.134238e-05 -2.049356e-04 -1.740635e-04 -2.367645e-05 7.65146
125.000000 500.000000 -0.078000 2.980000 -3.056573 3.009532 0.000000 84.782050 4.413481e-01 0 1 1 257.142946 5.793709e-03 5.327414e-02 5.000000e+02 5.551115e-17 -1.665335e-16 7.289304e+04 -1.249264e-02 8.385217e-03 7.134238e-05 -2.049356e-04 -1.740635e-04 -2.367645e-05 9.0145
125.000000 500.000000 -0.078000 3.350000 -3.056573 3.009532 0.000000 86.278611 4.278627e-01 0 1 1 257.142946 6.005138e-03 6.552209e-02 5.000000e+02 1.387779e-17 2.775558e-17 6.649333e+04 -1.249264e-02 8.385217e-03 7.134238e-05 -2.049356e-04 -1.740635e-04 -2.367645e-05 10.5111
125.000000 500.000000 -0.052000 1.870000 -3.043506 3.022599 0.000000 78.493184 7.869356e-01 0 1 1 257.142947 4.894208e-03 2.323909e-02 5.000000e+02 -1.387779e-17 3.816392e-17 9.990647e+04 -1.269376e-02 3.726763e-03 2.715536e-05 -2.271620e-04 -1.881536e-04 -2.367645e-05 2.72563
125.000000 500.000000 -0.052000 2.240000 -3.043506 3.022599 0.000000 79.000031 5.793494e-01 0 1 1 257.142947 5.022059e-03 3.057081e-02 5.000000e+02 0.000000e+00 -6.245005e-17 9.029845e+04 -1.269376e-02 3.726763e-03 2.715536e-05 -2.271620e-04 -1.881536e-04 -2.367645e-05 3.23248
125.000000 500.000000 -0.052000 2.610000 -3.043506 3.022599 0.000000 79.612960 5.069204e-01 0 1 1 257.142947 5.150898e-03 3.965524e-02 5.000000e+02 -1.387779e-17 9.714451e-17 8.148652e+04 -1.269376e-02 3.726763e-03 2.715536e-05 -2.271620e-04 -1.881536e-04 -2.367645e-05 3.84541
125.000000 500.000000 -0.052000 2.980000 -3.043506 3.022599 0.000000 80.314235 4.965484e-01 0 1 1 257.142947 5.281160e-03 5.035456e-02 5.000000e+02 1.387779e-17 -8.326673e-17 7.382251e+04 -1.269376e-02 3.726763e-03 2.715536e-05 -2.271620e-04 -1.881536e-04 -2.367645e-05 4.54668
125.000000 500.000000 -0.052000 3.350000 -3.043506 3.022599 0.000000 81.093060 4.860204e-01 0 1 1 257.142947 5.413086e-03 6.260251e-02 5.000000e+02 0.000000e+00 0.000000e+00 6.725427e+04 -1.269376e-02 3.726763e-03 2.715536e-05 -2.271620e-04 -1.881536e-04 -2.367645e-05 5.32551
125.000000 500.000000 -0.052000 3.720000 -3.043506 3.022599 0.000000 81.941760 4.754884e-01 0 1 1 257.142947 5.546823e-03 7.636403e-02 5.000000e+02 6.938894e-18 0.000000e+00 6.163221e+04 -1.269376e-02 3.726763e-03 2.715536e-05 -2.271620e-04 -1.881536e-04 -2.367645e-05 6.17421
125.000000 500.000000 -0.052000 4.090000 -3.043506 3.022599 0.000000 82.853642 4.650453e-01 0 1 1 257.142947 5.682464e-03 9.161917e-02 5.000000e+02 6.938894e-18 0.000000e+00 5.680040e+04 -1.269376e-02 3.726763e-03 2.715536e-05 -2.271620e-04 -1.881536e-04 -2.367645e-05 7.08609
125.000000 500.000000 -0.052000 4.460000 -3.043506 3.022599 0.000000 83.864041 4.547495e-01 0 1 1 257.142947 5.820074e-03 1.083559e-01 5.000000e+02 -6.938894e-18 1.387779e-16 5.262202e+04 -1.269376e-02 3.726763e-03 2.715536e-05 -2.271620e-04 -1.881536e-04 -2.367645e-05 8.09649
125.000000 500.000000 -0.052000 4.830000 -3.043506 3.022599 0.000000 84.872844 4.446381e-01 0 1 1 257.142947 5.959694e-03 1.265666e-01 5.000000e+02 2.081668e-17 -5.551115e-17 4.898384e+04 -1.269376e-02 3.726763e-03 2.715536e-05 -2.271620e-04 -1.881536e-04 -2.367645e-05 9.10529
125.000000 500.000000 -0.052000 5.200000 -3.043506 3.022599 0.000000 85.931129 4.347344e-01 0 1 1 257.142947 6.101358e-03 1.462462e-01 5.000000e+02 0.000000e+00 -1.110223e-16 4.579408e+04 -1.269376e-02 3.726763e-03 2.715536e-05 -2.271620e-04 -1.881536e-04 -2.367645e-05 10.1636
125.000000 500.000000 -0.052000 5.570000 -3.043506 3.022599 0.000000 87.034082 4.250532e-01 0 1 1 257.142947 6.245088e-03 1.673914e-01 5.000000e+02 -1.734723e-17 -8.326673e-17 4.297886e+04 -1.269376e-02 3.726763e-03 2.715536e-05 -2.271620e-04 -1.881536e-04 -2.367645e-05 11.2665
125.000000 500.000000 -0.026000 1.870000 -3.035666 3.030439 0.000000 76.689182 8.515593e-01 0 1 1 257.142947 4.612962e-03 2.148734e-02 5.000000e+02 3.469447e-17 -1.908196e-17 1.019974e+05 -1.281444e-02 9.316908e-04 6.431480e-07 -2.404978e-04 -1.966077e-04 -2.367645e-05 0.921631
125.000000 500.000000 -0.026000 2.240000 -3.035666 3.030439 0.000000 76.841888 7.771482e-01 0 1 1 257.142947 4.673977e-03 2.881906e-02 5.000000e+02 4.857226e-17 -6.938894e-17 9.173710e+04 -1.281444e-02 9.316908e-04 6.431478e-07 -2.404978e-04 -1.966077e-04 -2.367645e-05 1.07434
125.000000 500.000000 -0.026000 2.610000 -3.035666 3.030439 0.000000 77.025460 5.648912e-01 0 1 1 257.142947 4.734934e-03 3.790349e-02 5.000000e+02 -4.163336e-17 8.326673e-17 8.255740e+04 -1.281444e-02 9.316908e-04 6.431479e-07 -2.404978e-04 -1.966077e-04 -2.367645e-05 1.25791
125.000000 500.000000 -0.026000 2.980000 -3.035666 3.030439 0.000000 77.237204 5.589045e-01 0 1 1 257.142947 4.796057e-03 4.860281e-02 5.000000e+02 -3.469447e-17 -6.938894e-18 7.465924e+04 -1.281444e-02 9.316908e-04 6.431480e-07 -2.404978e-04 -1.966077e-04 -2.367645e-05 1.46965
125.000000 500.000000 -0.026000 3.350000 -3.035666 3.030439 0.000000 77.503219 5.527510e-01 0 1 1 257.142947 4.857468e-03 6.085076e-02 5.000000e+02 -4.163336e-17 4.163336e-17 6.793059e+04 -1.281444e-02 9.316908e-04 6.431479e-07 -2.404978e-04 -1.966077e-04 -2.367645e-05 1.73567
125.000000 500.000000 -0.026000 3.720000 -3.035666 3.030439 0.000000 77.758107 5.465124e-01 0 1 1 257.142947 4.919242e-03 7.461228e-02 5.000000e+02 -1.040834e-17 1.387779e-17 6.219299e+04 -1.281444e-02 9.316908e-04 6.431480e-07 -2.404978e-04 -1.966077e-04 -2.367645e-05 1.99056
125.000000 500.000000 -0.026000 4.090000 -3.035666 3.030439 0.000000 78.035241 5.402402e-01 0 1 1 257.142947 4.981428e-03 8.986742e-02 5.000000e+02 3.469447e-18 0.000000e+00 5.727478e+04 -1.281444e-02 9.316908e-04 6.431480e-07 -2.404978e-04 -1.966077e-04 -2.367645e-05 2.26769
125.000000 500.000000 -0.026000 4.460000 -3.035666 3.030439 0.000000 78.333558 5.339685e-01 0 1 1 257.142947 5.044056e-03 1.066041e-01 5.000000e+02 -6.938894e-18 6.938894e-17 5.302989e+04 -1.281444e-02 9.316908e-04 6.431480e-07 -2.404978e-04 -1.966077e-04 -2.367645e-05 2.56601
125.000000 500.000000 -0.026000 4.830000 -3.035666 3.030439 0.000000 78.652152 5.277202e-01 0 1 1 257.142947 5.107150e-03 1.248148e-01 5.000000e+02 0.000000e+00 0.000000e+00 4.933927e+04 -1.281444e-02 9.316908e-04 6.431480e-07 -2.404978e-04 -1.966077e-04 -2.367645e-05 2.8846
125.000000 500.000000 -0.026000 5.200000 -3.035666 3.030439 0.000000 78.990209 5.215113e-01 0 1 1 257.142947 5.170725e-03 1.444945e-01 5.000000e+02 -2.775558e-17 -4.163336e-17 4.610736e+04 -1.281444e-02 9.316908e-04 6.431480e-07 -2.404978e-04 -1.966077e-04 -2.367645e-05 3.22266
125.000000 500.000000 -0.026000 5.570000 -3.035666 3.030439 0.000000 79.346981 5.153531e-01 0 1 1 257.142947 5.234792e-03 1.656397e-01 5.000000e+02 -4.683753e-17 -1.387779e-17 4.325768e+04 -1.281444e-02 9.316908e-04 6.431479e-07 -2.404978e-04 -1.966077e-04 -2.367645e-05 3.57943
125.000000 500.000000 -0.026000 5.940000 -3.035666 3.030439 0.000000 79.721763 5.092539e-01 0 1 1 257.142947 5.299361e-03 1.882481e-01 5.000000e+02 1.387779e-17 -6.938894e-17 4.072886e+04 -1.281444e-02 9.316908e-04 6.431480e-07 -2.404978e-04 -1.966077e-04 -2.367645e-05 3.95421
125.000000 500.000000 -0.026000 6.310000 -3.035666 3.030439 0.000000 80.113876 5.032194e-01 0 1 1 257.142947 5.364439e-03 2.123179e-01 5.000000e+02 -2.428613e-17 5.551115e-17 3.847138e+04 -1.281444e-02 9.316908e-04 6.431479e-07 -2.404978e-04 -1.966077e-04 -2.367645e-05 4.34633
125.000000 500.000000 -0.026000 6.680000 -3.035666 3.030439 0.000000 80.522943 4.972538e-01 0 1 1 257.142947 5.430030e-03 2.378480e-01 5.000000e+02 2.602085e-18 5.551115e-17 3.644504e+04 -1.281444e-02 9.316908e-04 6.431478e-07 -2.404978e-04 -1.966077e-04 -2.367645e-05 4.75539
125.000000 500.000000 -0.026000 7.050000 -3.035666 3.030439 0.000000 80.948163 4.913602e-01 0 1 1 257.142947 5.496138e-03 2.648375e-01 5.000000e+02 -2.081668e-17 -4.163336e-17 3.461696e+04 -1.281444e-02 9.316908e-04 6.431479e-07 -2.404978e-04 -1.966077e-04 -2.367645e-05 5.18061
125.000000 500.000000 -0.026000 7.420000 -3.035666 3.030439 0.000000 81.388964 4.855406e-01 0 1 1 257.142947 5.562767e-03 2.932855e-01 5.000000e+02 -8.673617e-18 5.551115e-17 3.296002e+04 -1.281444e-02 9.316908e-04 6.431479e-07 -2.404978e-04 -1.966077e-04 -2.367645e-05 5.62141
125.000000 500.000000 -0.026000 7.790000 -3.035666 3.030439 0.000000 81.844731 4.797965e-01 0 1 1 257.142947 5.629920e-03 3.231916e-01 5.000000e+02 -7.806256e-18 1.387779e-17 3.145174e+04 -1.281444e-02 9.316908e-04 6.431480e-07 -2.404978e-04 -1.966077e-04 -2.367645e-05 6.07718
125.000000 500.000000 -0.026000 8.160000 -3.035666 3.030439 0.000000 82.314861 4.741288e-01 0 1 1 257.142947 5.697599e-03 3.545554e-01 5.000000e+02 2.168404e-17 5.551115e-17 3.007331e+04 -1.281444e-02 9.316908e-04 6.431480e-07 -2.404978e-04 -1.966077e-04 -2.367645e-05 6.54731
125.000000 500.000000 -0.026000 8.530000 -3.035666 3.030439 0.000000 82.798761 4.685379e-01 0 1 1 257.142947 5.765805e-03 3.873765e-01 5.000000e+02 2.515349e-17 4.163336e-17 2.880892e+04 -1.281444e-02 9.316908e-04 6.431480e-07 -2.404978e-04 -1.966077e-04 -2.367645e-05 7.03121
125.000000 500.000000 -0.026000 8.900000 -3.035666 3.030439 0.000000 83.346941 4.630241e-01 0 1 1 257.142947 5.834541e-03 4.216547e-01 5.000000e+02 1.561251e-17 1.387779e-17 2.764519e+04 -1.281444e-02 9.316908e-04 6.431478e-07 -2.404978e-04 -1.966077e-04 -2.367645e-05 7.57939
125.000000 500.000000 -0.026000 9.270000 -3.035666 3.030439 0.000000 83.849091 4.575873e-01 0 1 1 257.142947 5.903807e-03 4.573897e-01 5.000000e+02 -3.469447e-18 9.714451e-17 2.657070e+04 -1.281444e-02 9.316908e-04 6.431480e-07 -2.404978e-04 -1.966077e-04 -2.367645e-05 8.08154
125.000000 500.000000 -0.026000 9.640000 -3.035666 3.030439 0.000000 84.363916 4.522271e-01 0 1 1 257.142947 5.973604e-03 4.945814e-01 5.000000e+02 1.431147e-17 1.387779e-17 2.557569e+04 -1.281444e-02 9.316908e-04 6.431480e-07 -2.404978e-04 -1.966077e-04 -2.367645e-05 8.59637
125.000000 500.000000 -0.026000 10.010000 -3.035666 3.030439 0.000000 84.890859 4.751740e-01 0 1 1 257.142947 6.043934e-03 5.332296e-01 5.000000e+02 -1.257675e-17 0.000000e+00 2.465176e+04 -1.281444e-02 9.316908e-04 6.431480e-07 -2.404978e-04 -1.966077e-04 -2.367645e-05 9.12331
125.000000 500.000000 -0.026000 10.380000 -3.035666 3.030439 0.000000 85.429580 5.132832e-01 0 1 1 257.142947 6.114797e-03 5.733343e-01 5.000000e+02 -3.469447e-18 2.775558e-17 2.379163e+04 -1.281444e-02 9.316908e-04 6.431480e-07 -2.404978e-04 -1.966077e-04 -2.367645e-05 9.66203
125.000000 500.000000 -0.026000 10.750000 -3.035666 3.030439 0.000000 85.979038 5.520216e-01 0 1 1 257.142947 6.186193e-03 6.148953e-01 5.000000e+02 2.732189e-17 -1.249001e-16 2.298897e+04 -1.281444e-02 9.316908e-04 6.431480e-07 -2.404978e-04 -1.966077e-04 -2.367645e-05 10.2115
125.000000 500.000000 -0.026000 11.120000 -3.035666 3.030439 0.000000 86.539442 5.936232e-01 0 1 1 257.142947 6.258125e-03 6.579125e-01 5.000000e+02 -1.301043e-17 -6.938894e-17 2.223826e+04 -1.281444e-02 9.316908e-04 6.431480e-07 -2.404978e-04 -1.966077e-04 -2.367645e-05 10.7719
125.000000 500.000000 -0.026000 11.490000 -3.035666 3.030439 0.000000 87.109104 6.360248e-01 0 1 1 257.142947 6.330591e-03 7.023859e-01 5.000000e+02 2.385245e-17 -8.326673e-17 2.153465e+04 -1.281444e-02 9.316908e-04 6.431479e-07 -2.404978e-04 -1.966077e-04 -2.367645e-05 11.3416
125.000000 500.000000 0.000000 1.870000 -3.033053 3.033053 0.000000 75.803007 8.752137e-01 0 1 1 257.142947 4.339300e-03 2.090343e-02 5.000000e+02 -3.462580e-17 3.462580e-17 1.039605e+05 -1.285466e-02 -3.814424e-17 -8.194256e-06 -2.449431e-04 -1.994257e-04 -2.367645e-05 0.035456
125.000000 500.000000 0.000000 2.240000 -3.033053 3.033053 0.000000 75.803007 7.886683e-01 0 1 1 257.142947 4.339300e-03 2.823514e-02 5.000000e+02 -4.132710e-17 4.132710e-17 9.306036e+04 -1.285466e-02 -3.814424e-17 -8.194256e-06 -2.449431e-04 -1.994257e-04 -2.367645e-05 0.035456
125.000000 500.000000 0.000000 2.610000 -3.033053 3.033053 0.000000 75.803007 7.886683e-01 0 1 1 257.142947 4.339300e-03 3.731958e-02 5.000000e+02 -4.636529e-17 4.636529e-17 8.352428e+04 -1.285466e-02 -2.982186e-16 -8.194256e-06 -2.449431e-04 -1.994257e-04 -2.367645e-05 0.035456
125.000000 500.000000 0.000000 2.980000 -3.033053 3.033053 0.000000 75.803007 7.886683e-01 0 1 1 257.142947 4.339300e-03 4.801889e-02 5.000000e+02 -6.697026e-17 6.697026e-17 7.540181e+04 -1.285466e-02 -7.282082e-17 -8.194255e-06 -2.449431e-04 -1.994257e-04 -2.367645e-05 0.035456
125.000000 500.000000 0.000000 3.350000 -3.033053 3.033053 0.000000 75.803007 7.886683e-01 0 1 1 257.142947 4.339300e-03 6.026684e-02 5.000000e+02 -5.325165e-17 5.325165e-17 6.852117e+04 -1.285466e-02 -3.814424e-17 -8.194256e-06 -2.449431e-04 -1.994257e-04 -2.367645e-05 0.035456
125.000000 500.000000 0.000000 3.720000 -3.033053 3.033053 0.000000 75.803007 7.886683e-01 0 1 1 257.142947 4.339300e-03 7.402836e-02 5.000000e+02 -4.870843e-17 4.870843e-17 6.267522e+04 -1.285466e-02 1.456416e-16 -8.194255e-06 -2.449431e-04 -1.994257e-04 -2.367645e-05 0.035456
125.000000 500.000000 0.000000 4.090000 -3.033053 3.033053 0.000000 75.803007 7.886683e-01 0 1 1 257.142947 4.339300e-03 8.928350e-02 5.000000e+02 -3.201705e-17 3.201705e-17 5.767680e+04 -1.285466e-02 -3.814424e-17 -8.194256e-06 -2.449431e-04 -1.994257e-04 -2.367645e-05 0.035456
125.000000 500.000000 0.000000 4.460000 -3.033053 3.033053 0.000000 75.803007 7.886683e-01 0 1 1 257.142947 4.339300e-03 1.060202e-01 5.000000e+02 -4.740273e-17 4.740273e-17 5.337073e+04 -1.285466e-02 -5.929695e-16 -8.194256e-06 -2.449431e-04 -1.994257e-04 -2.367645e-05 0.035456
125.000000 500.000000 0.000000 4.830000 -3.033053 3.033053 0.000000 75.803007 7.886683e-01 0 1 1 257.142947 4.339300e-03 1.242309e-01 5.000000e+02 -4.408236e-17 4.408236e-17 4.963233e+04 -1.285466e-02 0.000000e+00 -8.194255e-06 -2.449431e-04 -1.994257e-04 -2.367645e-05 0.035456
125.000000 500.000000 0.000000 5.200000 -3.033053 3.033053 0.000000 75.803007 7.886683e-01 0 1 1 257.142947 4.339300e-03 1.439106e-01 5.000000e+02 -3.603078e-17 3.603078e-17 4.636234e+04 -1.285466e-02 0.000000e+00 -8.194256e-06 -2.449431e-04 -1.994257e-04 -2.367645e-05 0.035456
125.000000 500.000000 0.000000 5.570000 -3.033053 3.033053 0.000000 75.803007 7.886683e-01 0 1 1 257.142947 4.339300e-03 1.650558e-01 5.000000e+02 -3.379214e-17 3.379214e-17 4.348179e+04 -1.285466e-02 -6.657903e-16 -8.194256e-06 -2.449431e-04 -1.994257e-04 -2.367645e-05 0.035456
125.000000 500.000000 0.000000 5.940000 -3.033053 3.033053 0.000000 75.803007 7.886683e-01 0 1 1 257.142947 4.339300e-03 1.876641e-01 5.000000e+02 -3.635099e-17 3.635099e-17 4.092758e+04 -1.285466e-02 -3.814424e-17 -8.194256e-06 -2.449431e-04 -1.994257e-04 -2.367645e-05 0.035456
125.000000 500.000000 0.000000 6.310000 -3.033053 3.033053 0.000000 75.803007 7.886683e-01 0 1 1 257.142947 4.339300e-03 2.117340e-01 5.000000e+02 -3.432718e-17 3.432718e-17 3.864896e+04 -1.285466e-02 -2.600744e-16 -8.194256e-06 -2.449431e-04 -1.994257e-04 -2.367645e-05 0.035456
125.000000 500.000000 0.000000 6.680000 -3.033053 3.033053 0.000000 75.803007 7.886683e-01 0 1 1 257.142947 4.339300e-03 2.372641e-01 5.000000e+02 -3.251162e-17 3.251162e-17 3.660483e+04 -1.285466e-02 -2.219301e-16 -8.194256e-06 -2.449431e-04 -1.994257e-04 -2.367645e-05 0.035456
125.000000 500.000000 0.000000 7.050000 -3.033053 3.033053 0.000000 75.803007 7.886683e-01 0 1 1 257.142947 4.339300e-03 2.642536e-01 5.000000e+02 -3.087450e-17 3.087450e-17 3.476160e+04 -1.285466e-02 -2.982186e-16 -8.194255e-06 -2.449431e-04 -1.994257e-04 -2.367645e-05 0.035456
125.000000 500.000000 0.000000 7.420000 -3.033053 3.033053 0.000000 75.803007 7.886683e-01 0 1 1 257.142947 4.339300e-03 2.927016e-01 5.000000e+02 -2.939131e-17 2.939131e-17 3.309167e+04 -1.285466e-02 -4.438602e-16 -8.194256e-06 -2.449431e-04 -1.994257e-04 -2.367645e-05 0.035456
125.000000 500.000000 0.000000 7.790000 -3.033053 3.033053 0.000000 75.803007 7.886683e-01 0 1 1 257.142947 4.339300e-03 3.226077e-01 5.000000e+02 -3.154692e-17 3.154692e-17 3.157216e+04 -1.285466e-02 -2.982186e-16 -8.194256e-06 -2.449431e-04 -1.994257e-04 -2.367645e-05 0.035456
125.000000 500.000000 0.000000 8.160000 -3.033053 3.033053 0.000000 75.803007 7.886683e-01 0 1 1 257.142947 4.339300e-03 3.539715e-01 5.000000e+02 -2.680873e-17 2.680873e-17 3.018394e+04 -1.285466e-02 -3.814424e-17 -8.194256e-06 -2.449431e-04 -1.994257e-04 -2.367645e-05 0.035456
125.000000 500.000000 0.000000 8.530000 -3.033053 3.033053 0.000000 75.803007 7.886683e-01 0 1 1 257.142947 4.339300e-03 3.867926e-01 5.000000e+02 -2.567811e-17 2.567811e-17 2.891098e+04 -1.285466e-02 -4.438602e-16 -8.194256e-06 -2.449431e-04 -1.994257e-04 -2.367645e-05 0.035456
125.000000 500.000000 0.000000 8.900000 -3.033053 3.033053 0.000000 75.803007 7.886683e-01 0 1 1 257.142947 4.339300e-03 4.210708e-01 5.000000e+02 -1.847834e-17 1.847834e-17 2.773968e+04 -1.285466e-02 -3.328952e-16 -8.194256e-06 -2.449431e-04 -1.994257e-04 -2.367645e-05 0.035456
125.000000 500.000000 0.000000 9.270000 -3.033053 3.033053 0.000000 75.803007 7.886683e-01 0 1 1 257.142947 4.339300e-03 4.568058e-01 5.000000e+02 -1.775812e-17 1.775812e-17 2.665849e+04 -1.285466e-02 -1.872535e-16 -8.194256e-06 -2.449431e-04 -1.994257e-04 -2.367645e-05 0.035456
125.000000 500.000000 0.000000 9.640000 -3.033053 3.033053 0.000000 75.803007 7.886683e-01 0 1 1 257.142947 4.339300e-03 4.939975e-01 5.000000e+02 -2.278845e-17 2.278845e-17 2.565751e+04 -1.285466e-02 -2.982186e-16 -8.194256e-06 -2.449431e-04 -1.994257e-04 -2.367645e-05 0.035456
125.000000 500.000000 0.000000 10.010000 -3.033053 3.033053 0.000000 75.803007 7.886683e-01 0 1 1 257.142947 4.339300e-03 5.326457e-01 5.000000e+02 -1.647231e-17 1.647231e-17 2.472824e+04 -1.285466e-02 2.219301e-16 -8.194256e-06 -2.449431e-04 -1.994257e-04 -2.367645e-05 0.035456
125.000000 500.000000 0.000000 10.380000 -3.033053 3.033053 0.000000 75.803007 7.886683e-01 0 1 1 257.142947 4.339300e-03 5.727504e-01 5.000000e+02 -2.119487e-17 2.119487e-17 2.386330e+04 -1.285466e-02 7.282082e-17 -8.194256e-06 -2.449431e-04 -1.994257e-04 -2.367645e-05 0.035456
125.000000 500.000000 0.000000 10.750000 -3.033053 3.033053 0.000000 75.803007 7.886683e-01 0 1 1 257.142947 4.339300e-03 6.143114e-01 5.000000e+02 -2.047811e-17 2.047811e-17 2.305630e+04 -1.285466e-02 1.456416e-16 -8.194255e-06 -2.449431e-04 -1.994257e-04 -2.367645e-05 0.035456
125.000000 500.000000 0.000000 11.120000 -3.033053 3.033053 0.000000 75.803007 7.886683e-01 0 1 1 257.142947 4.339300e-03 6.573286e-01 5.000000e+02 -1.980785e-17 1.980785e-17 2.230166e+04 -1.285466e-02 4.057160e-16 -8.194256e-06 -2.449431e-04 -1.994257e-04 -2.367645e-05 0.035456
125.000000 500.000000 0.000000 11.490000 -3.033053 3.033053 0.000000 75.803007 7.886683e-01 0 1 1 257.142947 4.339300e-03 7.018020e-01 5.000000e+02 -1.917975e-17 1.917975e-17 2.159448e+04 -1.285466e-02 0.000000e+00 -8.194256e-06 -2.449431e-04 -1.994257e-04 -2.367645e-05 0.035456
125.000000 500.000000 0.000000 11.860000 -3.033053 3.033053 0.000000 75.803007 7.886683e-01 0 1 1 257.142947 4.339300e-03 7.477316e-01 5.000000e+02 -1.858998e-17 1.858998e-17 2.093046e+04 -1.285466e-02 -2.219301e-16 -8.194256e-06 -2.449431e-04 -1.994257e-04 -2.367645e-05 0.035456
125.000000 500.000000 0.000000 12.230000 -3.033053 3.033053 0.000000 75.803007 7.886683e-01 0 1 1 257.142947 4.339300e-03 7.951172e-01 5.000000e+02 -1.352637e-17 1.352637e-17 2.030578e+04 -1.285466e-02 0.000000e+00 -8.194256e-06 -2.449431e-04 -1.994257e-04 -2.367645e-05 0.035456
125.000000 500.000000 0.000000 12.600000 -3.033053 3.033053 0.000000 75.803007 7.886683e-01 0 1 1 257.142947 4.339300e-03 8.439588e-01 5.000000e+02 -1.751228e-17 1.751228e-17 1.971708e+04 -1.285466e-02 4.057160e-16 -8.194256e-06 -2.449431e-04 -1.994257e-04 -2.367645e-05 0.035456
125.000000 500.000000 0.000000 12.970000 -3.033053 3.033053 0.000000 75.803007 8.224900e-01 0 1 1 257.142947 4.339300e-03 8.942564e-01 5.000000e+02 -1.701869e-17 1.701869e-17 1.916134e+04 -1.285466e-02 0.000000e+00 -8.194255e-06 -2.449431e-04 -1.994257e-04 -2.367645e-05 0.035456
125.000000 500.000000 0.000000 13.340000 -3.033053 3.033053 0.000000 75.803007 8.724175e-01 0 1 1 257.142947 4.339300e-03 9.460100e-01 5.000000e+02 -1.241401e-17 1.241401e-17 1.863591e+04 -1.285466e-02 7.282082e-17 -8.194256e-06 -2.449431e-04 -1.994257e-04 -2.367645e-05 0.035456
125.000000 500.000000 0.000000 13.710000 -3.033053 3.033053 0.000000 75.803007 9.246050e-01 0 1 1 257.142947 4.339300e-03 9.992196e-01 5.000000e+02 -1.208258e-17 1.208258e-17 1.813837e+04 -1.285466e-02 0.000000e+00 -8.194256e-06 -2.449431e-04 -1.994257e-04 -2.367645e-05 0.035456
125.000000 500.000000 0.000000 14.080000 -3.033053 3.033053 0.000000 75.803007 9.775656e-01 0 1 1 257.142947 4.339300e-03 1.053885e+00 5.000000e+02 -1.961383e-17 1.961383e-17 1.766657e+04 -1.285466e-02 -1.491093e-16 -8.194256e-06 -2.449431e-04 -1.994257e-04 -2.367645e-05 0.035456
125.000000 500.000000 0.026000 1.870000 -3.035666 3.030439 0.000000 75.857058 8.515593e-01 0 1 1 257.142947 4.073768e-03 2.148734e-02 5.000000e+02 6.938894e-18 -2.081668e-17 1.057918e+05 -1.281444e-02 9.316908e-04 6.431479e-07 -2.404978e-04 -1.966077e-04 -2.367645e-05 0.089507
125.000000 500.000000 0.026000 2.240000 -3.035666 3.030439 0.000000 75.966006 6.936305e-01 0 1 1 257.142947 4.018694e-03 2.881906e-02 5.000000e+02 1.387779e-17 1.734723e-17 9.426566e+04 -1.281444e-02 9.316908e-04 6.431478e-07 -2.404978e-04 -1.966077e-04 -2.367645e-05 0.198455
125.000000 500.000000 0.026000 2.610000 -3.035666 3.030439 0.000000 76.098509 7.009643e-01 0 1 1 257.142947 3.964778e-03 3.790349e-02 5.000000e+02 -3.469447e-17 -2.081668e-17 8.438528e+04 -1.281444e-02 9.316908e-04 6.431478e-07 -2.404978e-04 -1.966077e-04 -2.367645e-05 0.330958
125.000000 500.000000 0.026000 2.980000 -3.035666 3.030439 0.000000 76.255430 7.088637e-01 0 1 1 257.142947 3.911788e-03 4.860281e-02 5.000000e+02 -5.898060e-17 1.179612e-16 7.604880e+04 -1.281444e-02 9.316908e-04 6.431480e-07 -2.404978e-04 -1.966077e-04 -2.367645e-05 0.487879
125.000000 500.000000 0.026000 3.350000 -3.035666 3.030439 0.000000 76.439911 7.171891e-01 0 1 1 257.142947 3.859596e-03 6.085076e-02 5.000000e+02 -3.816392e-17 2.775558e-17 6.902490e+04 -1.281444e-02 9.316908e-04 6.431480e-07 -2.404978e-04 -1.966077e-04 -2.367645e-05 0.67236
125.000000 500.000000 0.026000 3.720000 -3.035666 3.030439 0.000000 76.652315 7.258570e-01 0 1 1 257.142947 3.808125e-03 7.461228e-02 5.000000e+02 1.387779e-17 -2.775558e-17 6.307801e+04 -1.281444e-02 9.316908e-04 6.431479e-07 -2.404978e-04 -1.966077e-04 -2.367645e-05 0.884764
125.000000 500.000000 0.026000 4.090000 -3.035666 3.030439 0.000000 76.893427 7.348148e-01 0 1 1 257.142947 3.757325e-03 8.986742e-02 5.000000e+02 4.857226e-17 -2.775558e-17 5.800571e+04 -1.281444e-02 9.316908e-04 6.431480e-07 -2.404978e-04 -1.966077e-04 -2.367645e-05 1.12588
125.000000 500.000000 0.026000 4.460000 -3.035666 3.030439 0.000000 77.163886 7.440279e-01 0 1 1 257.142947 3.707163e-03 1.066041e-01 5.000000e+02 2.428613e-17 -8.326673e-17 5.364393e+04 -1.281444e-02 9.316908e-04 6.431480e-07 -2.404978e-04 -1.966077e-04 -2.367645e-05 1.39634
125.000000 500.000000 0.026000 4.830000 -3.035666 3.030439 0.000000 77.464236 7.534726e-01 0 1 1 257.142947 3.657617e-03 1.248148e-01 5.000000e+02 -4.510281e-17 5.551115e-17 4.986248e+04 -1.281444e-02 9.316908e-04 6.431479e-07 -2.404978e-04 -1.966077e-04 -2.367645e-05 1.69669
125.000000 500.000000 0.026000 5.200000 -3.035666 3.030439 0.000000 77.794939 7.631326e-01 0 1 1 257.142947 3.608671e-03 1.444945e-01 5.000000e+02 -8.673617e-18 6.938894e-17 4.655855e+04 -1.281444e-02 9.316908e-04 6.431481e-07 -2.404978e-04 -1.966077e-04 -2.367645e-05 2.02739
125.000000 500.000000 0.026000 5.570000 -3.035666 3.030439 0.000000 78.170193 7.729960e-01 0 1 1 257.142947 3.560312e-03 1.656397e-01 5.000000e+02 2.255141e-17 5.551115e-17 4.365079e+04 -1.281444e-02 9.316908e-04 6.431478e-07 -2.404978e-04 -1.966077e-04 -2.367645e-05 2.40264
125.000000 500.000000 0.026000 5.940000 -3.035666 3.030439 0.000000 78.561557 7.830543e-01 0 1 1 257.142947 3.512531e-03 1.882481e-01 5.000000e+02 2.255141e-17 5.551115e-17 4.107443e+04 -1.281444e-02 9.316908e-04 6.431479e-07 -2.404978e-04 -1.966077e-04 -2.367645e-05 2.79401
125.000000 500.000000 0.026000 6.310000 -3.035666 3.030439 0.000000 78.975405 7.933013e-01 0 1 1 257.142947 3.465322e-03 2.123179e-01 5.000000e+02 -1.040834e-17 1.387779e-17 3.877756e+04 -1.281444e-02 9.316908e-04 6.431480e-07 -2.404978e-04 -1.966077e-04 -2.367645e-05 3.20785
125.000000 500.000000 0.026000 6.680000 -3.035666 3.030439 0.000000 79.430495 8.037322e-01 0 1 1 257.142947 3.418680e-03 2.378480e-01 5.000000e+02 -5.117434e-17 -1.387779e-17 3.671821e+04 -1.281444e-02 9.316908e-04 6.431479e-07 -2.404978e-04 -1.966077e-04 -2.367645e-05 3.66294
125.000000 500.000000 0.026000 7.050000 -3.035666 3.030439 0.000000 79.916998 8.143437e-01 0 1 1 257.142947 3.372600e-03 2.648375e-01 5.000000e+02 -2.515349e-17 8.326673e-17 3.486218e+04 -1.281444e-02 9.316908e-04 6.431479e-07 -2.404978e-04 -1.966077e-04 -2.367645e-05 4.14945
125.000000 500.000000 0.026000 7.420000 -3.035666 3.030439 0.000000 80.436535 8.251330e-01 0 1 1 257.142947 3.327079e-03 2.932855e-01 5.000000e+02 -2.862294e-17 -2.775558e-17 3.318138e+04 -1.281444e-02 9.316908e-04 6.431480e-07 -2.404978e-04 -1.966077e-04 -2.367645e-05 4.66898
125.000000 500.000000 0.026000 7.790000 -3.035666 3.030439 0.000000 80.987887 8.360980e-01 0 1 1 257.142947 3.282113e-03 3.231916e-01 5.000000e+02 -6.071532e-18 -1.387779e-17 3.165256e+04 -1.281444e-02 9.316908e-04 6.431479e-07 -2.404978e-04 -1.966077e-04 -2.367645e-05 5.22034
125.000000 500.000000 0.026000 8.160000 -3.035666 3.030439 0.000000 81.571165 8.472373e-01 0 1 1 257.142947 3.237702e-03 3.545554e-01 5.000000e+02 4.510281e-17 -1.110223e-16 3.025632e+04 -1.281444e-02 9.316908e-04 6.431480e-07 -2.404978e-04 -1.966077e-04 -2.367645e-05 5.80361
125.000000 500.000000 0.026000 8.530000 -3.035666 3.030439 0.000000 82.186444 8.585495e-01 0 1 1 257.142947 3.193843e-03 3.873765e-01 5.000000e+02 2.688821e-17 -8.326673e-17 2.897640e+04 -1.281444e-02 9.316908e-04 6.431479e-07 -2.404978e-04 -1.966077e-04 -2.367645e-05 6.41889
125.000000 500.000000 0.026000 8.900000 -3.035666 3.030439 0.000000 82.758850 8.700336e-01 0 1 1 257.142947 3.150534e-03 4.216547e-01 5.000000e+02 -3.989864e-17 1.387779e-17 2.779902e+04 -1.281444e-02 9.316908e-04 6.431479e-07 -2.404978e-04 -1.966077e-04 -2.367645e-05 6.9913
125.000000 500.000000 0.026000 9.270000 -3.035666 3.030439 0.000000 83.440407 8.816886e-01 0 1 1 257.142947 3.107774e-03 4.573897e-01 5.000000e+02 3.469447e-18 -6.938894e-17 2.671250e+04 -1.281444e-02 9.316908e-04 6.431479e-07 -2.404978e-04 -1.966077e-04 -2.367645e-05 7.67286
125.000000 500.000000 0.026000 9.640000 -3.035666 3.030439 0.000000 84.153933 8.935139e-01 0 1 1 257.142947 3.065563e-03 4.945814e-01 5.000000e+02 5.421011e-17 -8.326673e-17 2.570681e+04 -1.281444e-02 9.316908e-04 6.431479e-07 -2.404978e-04 -1.966077e-04 -2.367645e-05 8.38638
125.000000 500.000000 0.026000 10.010000 -3.035666 3.030439 0.000000 84.899366 9.055086e-01 0 1 1 257.142947 3.023899e-03 5.332296e-01 5.000000e+02 1.301043e-18 1.387779e-17 2.477337e+04 -1.281444e-02 9.316908e-04 6.431480e-07 -2.404978e-04 -1.966077e-04 -2.367645e-05 9.13182
125.000000 500.000000 0.026000 10.380000 -3.035666 3.030439 0.000000 85.676603 9.176719e-01 0 1 1 257.142947 2.982781e-03 5.733343e-01 5.000000e+02 -6.028164e-17 1.387779e-17 2.390472e+04 -1.281444e-02 9.316908e-04 6.431480e-07 -2.404978e-04 -1.966077e-04 -2.367645e-05 9.90905
125.000000 500.000000 0.026000 10.750000 -3.035666 3.030439 0.000000 86.485512 9.300031e-01 0 1 1 257.142947 2.942209e-03 6.148953e-01 5.000000e+02 2.385245e-17 5.551115e-17 2.309441e+04 -1.281444e-02 9.316908e-04 6.431479e-07 -2.404978e-04 -1.966077e-04 -2.367645e-05 10.718
125.000000 500.000000 0.026000 11.120000 -3.035666 3.030439 0.000000 87.323365 9.425012e-01 0 1 1 257.142947 2.902182e-03 6.579125e-01 5.000000e+02 -1.691355e-17 6.938894e-17 2.233679e+04 -1.281444e-02 9.316908e-04 6.431479e-07 -2.404978e-04 -1.966077e-04 -2.367645e-05 11.5558
125.000000 500.000000 0.052000 1.870000 -3.043506 3.022599 0.000000 76.839890 7.869356e-01 0 1 1 257.142947 3.816914e-03 2.323909e-02 5.000000e+02 -2.775558e-17 -1.040834e-17 1.074875e+05 -1.269376e-02 3.726763e-03 2.715536e-05 -2.271620e-04 -1.881536e-04 -2.367645e-05 1.07234
125.000000 500.000000 0.052000 2.240000 -3.043506 3.022599 0.000000 77.361323 7.638215e-01 0 1 1 257.142947 3.712823e-03 3.057081e-02 5.000000e+02 0.000000e+00 8.326673e-17 9.535044e+04 -1.269376e-02 3.726763e-03 2.715536e-05 -2.271620e-04 -1.881536e-04 -2.367645e-05 1.59377
125.000000 500.000000 0.052000 2.610000 -3.043506 3.022599 0.000000 78.000677 7.803718e-01 0 1 1 257.142947 3.612149e-03 3.965524e-02 5.000000e+02 -1.387779e-17 -4.163336e-17 8.513857e+04 -1.269376e-02 3.726763e-03 2.715536e-05 -2.271620e-04 -1.881536e-04 -2.367645e-05 2.23313
125.000000 500.000000 0.052000 2.980000 -3.043506 3.022599 0.000000 78.764874 7.983826e-01 0 1 1 257.142947 3.514418e-03 5.035456e-02 5.000000e+02 0.000000e+00 4.163336e-17 7.659881e+04 -1.269376e-02 3.726763e-03 2.715536e-05 -2.271620e-04 -1.881536e-04 -2.367645e-05 2.99732
125.000000 500.000000 0.052000 3.350000 -3.043506 3.022599 0.000000 79.647508 8.175790e-01 0 1 1 257.142947 3.419369e-03 6.260251e-02 5.000000e+02 5.551115e-17 -5.551115e-17 6.944067e+04 -1.269376e-02 3.726763e-03 2.715536e-05 -2.271620e-04 -1.881536e-04 -2.367645e-05 3.87996
125.000000 500.000000 0.052000 3.720000 -3.043506 3.022599 0.000000 80.656043 8.377989e-01 0 1 1 257.142947 3.326845e-03 7.636403e-02 5.000000e+02 2.081668e-17 -5.551115e-17 6.340047e+04 -1.269376e-02 3.726763e-03 2.715536e-05 -2.271620e-04 -1.881536e-04 -2.367645e-05 4.88849
125.000000 500.000000 0.052000 4.090000 -3.043506 3.022599 0.000000 81.791853 8.589409e-01 0 1 1 257.142947 3.236745e-03 9.161917e-02 5.000000e+02 6.938894e-18 2.775558e-17 5.826077e+04 -1.269376e-02 3.726763e-03 2.715536e-05 -2.271620e-04 -1.881536e-04 -2.367645e-05 6.0243
125.000000 500.000000 0.052000 4.460000 -3.043506 3.022599 0.000000 82.978470 8.809387e-01 0 1 1 257.142947 3.149003e-03 1.083559e-01 5.000000e+02 -5.204170e-17 -1.387779e-16 5.384886e+04 -1.269376e-02 3.726763e-03 2.715536e-05 -2.271620e-04 -1.881536e-04 -2.367645e-05 7.21092
125.000000 500.000000 0.052000 4.830000 -3.043506 3.022599 0.000000 84.372210 9.037464e-01 0 1 1 257.142947 3.063573e-03 1.265666e-01 5.000000e+02 -6.245005e-17 8.326673e-17 5.002919e+04 -1.269376e-02 3.726763e-03 2.715536e-05 -2.271620e-04 -1.881536e-04 -2.367645e-05 8.60466
125.000000 500.000000 0.052000 5.200000 -3.043506 3.022599 0.000000 85.892465 9.273303e-01 0 1 1 257.142947 2.980422e-03 1.462462e-01 5.000000e+02 0.000000e+00 1.387779e-16 4.669554e+04 -1.269376e-02 3.726763e-03 2.715536e-05 -2.271620e-04 -1.881536e-04 -2.367645e-05 10.1249
125.000000 500.000000 0.052000 5.570000 -3.043506 3.022599 0.000000 87.535853 9.516640e-01 0 1 1 257.142947 2.899527e-03 1.673914e-01 5.000000e+02 9.714451e-17 -5.551115e-17 4.376427e+04 -1.269376e-02 3.726763e-03 2.715536e-05 -2.271620e-04 -1.881536e-04 -2.367645e-05 11.7683
125.000000 500.000000 0.078000 1.500000 -3.056573 3.009532 0.000000 77.789363 9.012101e-01 0 1 1 257.142946 3.724460e-03 2.090687e-02 5.000000e+02 0.000000e+00 -8.326673e-17 1.248206e+05 -1.249264e-02 8.385217e-03 7.134238e-05 -2.049356e-04 -1.740635e-04 -2.367645e-05 2.02181
125.000000 500.000000 0.078000 1.870000 -3.056573 3.009532 0.000000 78.763173 8.159187e-01 0 1 1 257.142946 3.569287e-03 2.615868e-02 5.000000e+02 2.775558e-17 -8.326673e-17 1.090436e+05 -1.249264e-02 8.385217e-03 7.134238e-05 -2.049356e-04 -1.740635e-04 -2.367645e-05 2.99562
125.000000 500.000000 0.078000 2.240000 -3.056573 3.009532 0.000000 80.037993 8.402885e-01 0 1 1 257.142946 3.422355e-03 3.349039e-02 5.000000e+02 2.775558e-17 8.326673e-17 9.631213e+04 -1.249264e-02 8.385217e-03 7.134238e-05 -2.049356e-04 -1.740635e-04 -2.367645e-05 4.27044
125.000000 500.000000 0.078000 2.610000 -3.056573 3.009532 0.000000 81.585307 8.681292e-01 0 1 1 257.142946 3.282198e-03 4.257483e-02 5.000000e+02 6.938894e-17 -2.220446e-16 8.578227e+04 -1.249264e-02 8.385217e-03 7.134238e-05 -2.049356e-04 -1.740635e-04 -2.367645e-05 5.81776
125.000000 500.000000 0.078000 2.980000 -3.056573 3.009532 0.000000 83.341500 8.986891e-01 0 1 1 257.142946 3.148092e-03 5.327414e-02 5.000000e+02 -2.775558e-17 8.326673e-17 7.705043e+04 -1.249264e-02 8.385217e-03 7.134238e-05 -2.049356e-04 -1.740635e-04 -2.367645e-05 7.57395
125.000000 500.000000 0.078000 3.350000 -3.056573 3.009532 0.000000 85.465912 9.315525e-01 0 1 1 257.142946 3.019636e-03 6.552209e-02 5.000000e+02 5.551115e-17 -8.326673e-17 6.976736e+04 -1.249264e-02 8.385217e-03 7.134238e-05 -2.049356e-04 -1.740635e-04 -2.367645e-05 9.69836
125.000000 500.000000 0.104000 1.500000 -3.074867 2.991238 0.000000 79.822059 8.587534e-01 0 1 1 257.142946 3.528147e-03 2.499429e-02 5.000000e+02 -8.326673e-17 -2.775558e-17 1.276414e+05 -1.221107e-02 1.490705e-02 1.332042e-04 -1.738186e-04 -1.543373e-04 -2.367645e-05 4.05451
125.000000 500.000000 0.104000 1.870000 -3.074867 2.991238 0.000000 81.626363 8.873362e-01 0 1 1 257.142946 3.331441e-03 3.024610e-02 5.000000e+02 -5.551115e-17 -8.326673e-17 1.104564e+05 -1.221107e-02 1.490705e-02 1.332042e-04 -1.738186e-04 -1.543373e-04 -2.367645e-05 5.85881
125.000000 500.000000 0.104000 2.240000 -3.074867 2.991238 0.000000 83.876199 9.233008e-01 0 1 1 257.142946 3.147963e-03 3.757781e-02 5.000000e+02 8.326673e-17 4.163336e-17 9.714813e+04 -1.221107e-02 1.490705e-02 1.332042e-04 -1.738186e-04 -1.543373e-04 -2.367645e-05 8.10865
125.000000 500.000000 0.104000 2.610000 -3.074867 2.991238 0.000000 86.725328 9.645982e-01 0 1 1 257.142946 2.975716e-03 4.666225e-02 5.000000e+02 8.326673e-17 -2.498002e-16 8.631451e+04 -1.221107e-02 1.490705e-02 1.332042e-04 -1.738186e-04 -1.543373e-04 -2.367645e-05 10.9578
125.000000 500.000000 0.130000 1.500000 -3.098388 2.967717 0.000000 82.469879 9.242952e-01 0 1 1 257.142945 3.336874e-03 3.024954e-02 5.000000e+02 -1.110223e-16 -4.163336e-17 1.302883e+05 -1.184905e-02 2.329227e-02 2.127408e-04 -1.338110e-04 -1.289752e-04 -2.367645e-05 6.70233
125.000000 500.000000 0.130000 1.870000 -3.098388 2.967717 0.000000 85.257585 9.635769e-01 0 1 1 257.142945 3.103933e-03 3.550135e-02 5.000000e+02 2.775558e-17 -1.249001e-16 1.117219e+05 -1.184905e-02 2.329227e-02 2.127408e-04 -1.338110e-04 -1.289752e-04 -2.367645e-05 9.49003
125.000000 500.000000 0.130000 13.710000 -3.098388 2.967717 0.000000 84.984482 9.621156e-01 1 1 1 257.142945 3.265907e-03 1.013817e+00 5.000000e+02 -6.591949e-17 6.106227e-16 1.801171e+04 -1.184905e-02 2.329227e-02 2.127408e-04 -1.338110e-04 -1.289752e-04 -2.367645e-05 9.21693
125.000000 500.000000 0.130000 14.080000 -3.098388 2.967717 0.000000 82.411151 9.637647e-01 1 1 1 257.142945 3.495194e-03 1.068483e+00 5.000000e+02 -3.903128e-17 3.885781e-16 1.753905e+04 -1.184905e-02 2.329227e-02 2.127408e-04 -1.338110e-04 -1.289752e-04 -2.367645e-05 6.6436
125.000000 500.000000 0.156000 1.500000 -3.127136 2.938969 0.000000 85.599316 9.931516e-01 0 1 1 257.142944 3.151085e-03 3.667263e-02 5.000000e+02 -5.551115e-17 -2.775558e-17 1.327542e+05 -1.140658e-02 3.354087e-02 3.099523e-04 -8.491291e-05 -9.797692e-05 -2.367645e-05 9.83177
125.000000 500.000000 0.156000 11.490000 -3.127136 2.938969 0.000000 83.921148 9.411721e-01 1 1 1 257.142944 3.323972e-03 7.228230e-01 5.000000e+02 -9.020562e-17 5.551115e-16 2.137537e+04 -1.140658e-02 3.354087e-02 3.099523e-04 -8.491291e-05 -9.797692e-05 -2.367645e-05 8.1536
125.000000 500.000000 0.156000 11.860000 -3.127136 2.938969 0.000000 81.205615 6.617124e-01 1 1 1 257.142944 3.605294e-03 7.687525e-01 5.000000e+02 -3.816392e-17 2.220446e-16 2.070969e+04 -1.140658e-02 3.354087e-02 3.099523e-04 -8.491291e-05 -9.797692e-05 -2.367645e-05 5.43806
125.000000 500.000000 0.156000 12.230000 -3.127136 2.938969 0.000000 79.444003 8.376976e-01 1 1 1 257.142944 3.906071e-03 8.161382e-01 5.000000e+02 7.632783e-17 1.110223e-16 2.008397e+04 -1.140658e-02 3.354087e-02 3.099523e-04 -8.491291e-05 -9.797692e-05 -2.367645e-05 3.67645
125.000000 500.000000 0.156000 12.600000 -3.127136 2.938969 0.000000 78.555672 9.462255e-01 1 1 1 257.142944 4.226303e-03 8.649798e-01 5.000000e+02 1.370432e-16 -3.330669e-16 1.949472e+04 -1.140658e-02 3.354087e-02 3.099523e-04 -8.491291e-05 -9.797692e-05 -2.367645e-05 2.78812
125.000000 500.000000 0.156000 12.970000 -3.127136 2.938969 0.000000 78.458426 8.031373e-01 1 1 1 257.142944 4.565985e-03 9.152774e-01 5.000000e+02 3.295975e-17 0.000000e+00 1.893887e+04 -1.140658e-02 3.354087e-02 3.099523e-04 -8.491291e-05 -9.797692e-05 -2.367645e-05 2.69088
125.000000 500.000000 0.156000 13.340000 -3.127136 2.938969 0.000000 79.127762 8.533333e-01 1 1 1 257.142944 4.925118e-03 9.670310e-01 5.000000e+02 -6.591949e-17 1.110223e-16 1.841368e+04 -1.140658e-02 3.354087e-02 3.099523e-04 -8.491291e-05 -9.797692e-05 -2.367645e-05 3.36021
125.000000 500.000000 0.182000 9.640000 -3.161110 2.904995 0.000000 85.617095 6.734392e-01 1 1 1 257.142943 3.161681e-03 5.226094e-01 5.000000e+02 -1.387779e-17 -2.220446e-16 2.531215e+04 -1.088365e-02 4.565285e-02 4.248385e-04 -2.712423e-05 -6.134265e-05 -2.367645e-05 9.84954
125.000000 500.000000 0.182000 10.010000 -3.161110 2.904995 0.000000 81.974638 9.170888e-01 1 1 1 257.142943 3.478425e-03 5.612576e-01 5.000000e+02 -5.898060e-17 0.000000e+00 2.437897e+04 -1.088365e-02 4.565285e-02 4.248385e-04 -2.712423e-05 -6.134265e-05 -2.367645e-05 6.20709
125.000000 500.000000 0.182000 10.380000 -3.161110 2.904995 0.000000 79.644096 8.460893e-01 1 1 1 257.142943 3.821665e-03 6.013623e-01 5.000000e+02 1.040834e-17 -2.220446e-16 2.351158e+04 -1.088365e-02 4.565285e-02 4.248385e-04 -2.712423e-05 -6.134265e-05 -2.367645e-05 3.87655
125.000000 500.000000 0.182000 10.750000 -3.161110 2.904995 0.000000 78.526610 9.439351e-01 1 1 1 257.142943 4.191395e-03 6.429233e-01 5.000000e+02 -3.122502e-17 6.661338e-16 2.270330e+04 -1.088365e-02 4.565285e-02 4.248385e-04 -2.712423e-05 -6.134265e-05 -2.367645e-05 2.75906
125.000000 500.000000 0.182000 11.120000 -3.161110 2.904995 0.000000 78.506274 5.688889e-01 1 1 1 257.142943 4.587611e-03 6.859405e-01 5.000000e+02 4.510281e-17 3.330669e-16 2.194833e+04 -1.088365e-02 4.565285e-02 4.248385e-04 -2.712423e-05 -6.134265e-05 -2.367645e-05 2.73872
125.000000 500.000000 0.182000 11.490000 -3.161110 2.904995 0.000000 79.503691 6.113433e-01 1 1 1 257.142943 5.010310e-03 7.304139e-01 5.000000e+02 -6.418477e-17 6.661338e-16 2.124162e+04 -1.088365e-02 4.565285e-02 4.248385e-04 -2.712423e-05 -6.134265e-05 -2.367645e-05 3.73614
125.000000 500.000000 0.208000 8.530000 -3.200311 2.865794 0.000000 83.793804 9.585306e-01 1 1 1 257.142942 3.266628e-03 4.241633e-01 5.000000e+02 1.179612e-16 -5.551115e-16 2.839382e+04 -1.028029e-02 5.962821e-02 5.573996e-04 3.955502e-05 -1.907234e-05 -2.367645e-05 8.02625
125.000000 500.000000 0.208000 8.900000 -3.200311 2.865794 0.000000 80.418873 8.730474e-01 1 1 1 257.142942 3.641761e-03 4.584414e-01 5.000000e+02 8.326673e-17 -2.220446e-16 2.721665e+04 -1.028029e-02 5.962821e-02 5.573996e-04 3.955502e-05 -1.907234e-05 -2.367645e-05 4.65132
125.000000 500.000000 0.208000 9.270000 -3.200311 2.865794 0.000000 78.681948 9.360448e-01 1 1 1 257.142942 4.051516e-03 4.941764e-01 5.000000e+02 7.285839e-17 -5.551115e-16 2.613219e+04 -1.028029e-02 5.962821e-02 5.573996e-04 3.955502e-05 -1.907234e-05 -2.367645e-05 2.9144
125.000000 500.000000 0.208000 9.640000 -3.200311 2.865794 0.000000 78.440803 5.091218e-01 1 1 1 257.142942 4.495883e-03 5.313681e-01 5.000000e+02 1.144917e-16 -4.440892e-16 2.513002e+04 -1.028029e-02 5.962821e-02 5.573996e-04 3.955502e-05 -1.907234e-05 -2.367645e-05 2.67325
125.000000 500.000000 0.208000 10.010000 -3.200311 2.865794 0.000000 79.547860 5.342886e-01 1 1 1 257.142942 4.974856e-03 5.700164e-01 5.000000e+02 6.245005e-17 0.000000e+00 2.420119e+04 -1.028029e-02 5.962821e-02 5.573996e-04 3.955502e-05 -1.907234e-05 -2.367645e-05 3.78031
125.000000 500.000000 0.234000 7.420000 -3.244740 2.821366 0.000000 85.314437 9.891282e-01 1 1 1 257.142941 3.110210e-03 3.399988e-01 5.000000e+02 5.551115e-17 -3.330669e-16 3.236175e+04 -9.596466e-03 7.546695e-02 7.076355e-04 1.151248e-04 2.883401e-05 -2.367645e-05 9.54689
125.000000 500.000000 0.234000 7.790000 -3.244740 2.821366 0.000000 80.979270 8.893009e-01 1 1 1 257.142941 3.518126e-03 3.699050e-01 5.000000e+02 4.163336e-17 -1.110223e-16 3.083034e+04 -9.596466e-03 7.546695e-02 7.076355e-04 1.151248e-04 2.883401e-05 -2.367645e-05 5.21172
125.000000 500.000000 0.234000 8.160000 -3.244740 2.821366 0.000000 78.753744 9.311407e-01 1 1 1 257.142941 3.969892e-03 4.012687e-01 5.000000e+02 -6.938894e-18 -6.661338e-16 2.943546e+04 -9.596466e-03 7.546695e-02 7.076355e-04 1.151248e-04 2.883401e-05 -2.367645e-05 2.98619
125.000000 500.000000 0.234000 8.530000 -3.244740 2.821366 0.000000 78.462070 5.032720e-01 1 1 1 257.142941 4.465491e-03 4.340898e-01 5.000000e+02 2.081668e-17 -5.551115e-16 2.815984e+04 -9.596466e-03 7.546695e-02 7.076355e-04 1.151248e-04 2.883402e-05 -2.367645e-05 2.69452
125.000000 500.000000 0.234000 8.900000 -3.244740 2.821366 0.000000 79.873434 5.311361e-01 1 1 1 257.142941 5.004908e-03 4.683680e-01 5.000000e+02 4.649059e-16 -4.440892e-16 2.698897e+04 -9.596466e-03 7.546695e-02 7.076355e-04 1.151248e-04 2.883401e-05 -2.367645e-05 4.10588
125.000000 500.000000 0.260000 6.680000 -3.294395 2.771711 0.000000 84.471146 9.716962e-01 1 1 1 257.142939 3.130667e-03 2.956558e-01 5.000000e+02 -2.220446e-16 -4.440892e-16 3.560432e+04 -8.832198e-03 9.316908e-02 8.755461e-04 1.995852e-04 8.237641e-05 -2.367645e-05 8.7036
125.000000 500.000000 0.260000 7.050000 -3.294395 2.771711 0.000000 80.161650 8.626475e-01 1 1 1 257.142939 3.590249e-03 3.226452e-01 5.000000e+02 -8.326673e-17 7.771561e-16 3.374294e+04 -8.832198e-03 9.316908e-02 8.755461e-04 1.995852e-04 8.237641e-05 -2.367645e-05 4.3941
125.000000 500.000000 0.260000 7.420000 -3.294395 2.771711 0.000000 78.432834 9.376156e-01 1 1 1 257.142939 4.104003e-03 3.510933e-01 5.000000e+02 -6.938894e-18 -6.661338e-16 3.206359e+04 -8.832198e-03 9.316908e-02 8.755461e-04 1.995852e-04 8.237641e-05 -2.367645e-05 2.66528
125.000000 500.000000 0.260000 7.790000 -3.294395 2.771711 0.000000 79.001972 5.098160e-01 1 1 1 257.142939 4.671899e-03 3.809994e-01 5.000000e+02 -4.163336e-17 -1.110223e-16 3.054117e+04 -8.832198e-03 9.316908e-02 8.755461e-04 1.995852e-04 8.237641e-05 -2.367645e-05 3.23442
125.000000 500.000000 0.260000 8.160000 -3.294395 2.771711 0.000000 81.594171 5.384141e-01 1 1 1 257.142939 5.293914e-03 4.123631e-01 5.000000e+02 8.326673e-17 -7.771561e-16 2.915494e+04 -8.832198e-03 9.316908e-02 8.755461e-04 1.995852e-04 8.237641e-05 -2.367645e-05 5.82662
125.000000 500.000000 0.286000 5.940000 -3.349276 2.716829 0.000000 85.940742 9.997708e-01 1 1 1 257.142938 2.983312e-03 2.583180e-01 5.000000e+02 1.526557e-16 4.440892e-16 3.961099e+04 -7.987480e-03 1.127346e-01 1.061132e-03 2.929362e-04 1.415548e-04 -2.367645e-05 10.1732
125.000000 500.000000 0.286000 6.310000 -3.349276 2.716829 0.000000 80.618723 8.754631e-01 1 1 1 257.142938 3.472389e-03 2.823879e-01 5.000000e+02 -1.942890e-16 0.000000e+00 3.729944e+04 -7.987480e-03 1.127346e-01 1.061132e-03 2.929362e-04 1.415548e-04 -2.367645e-05 4.85117
125.000000 500.000000 0.286000 6.680000 -3.349276 2.716829 0.000000 78.476071 9.329564e-01 1 1 1 257.142938 4.027078e-03 3.079180e-01 5.000000e+02 -2.636780e-16 -3.330669e-16 3.523800e+04 -7.987480e-03 1.127346e-01 1.061132e-03 2.929362e-04 1.415548e-04 -2.367645e-05 2.70852
125.000000 500.000000 0.286000 7.050000 -3.349276 2.716829 0.000000 79.166519 5.031528e-01 1 1 1 257.142938 4.647329e-03 3.349075e-01 5.000000e+02 1.387779e-17 5.551115e-16 3.338879e+04 -7.987480e-03 1.127346e-01 1.061132e-03 2.929362e-04 1.415548e-04 -2.367645e-05 3.39897
125.000000 500.000000 0.286000 7.420000 -3.349276 2.716829 0.000000 82.248630 5.339156e-01 1 1 1 257.142938 5.333106e-03 3.633555e-01 5.000000e+02 -1.734723e-16 -5.551115e-16 3.172111e+04 -7.987480e-03 1.127346e-01 1.061132e-03 2.929362e-04 1.415548e-04 -2.367645e-05 6.48108
125.000000 500.000000 0.312000 5.570000 -3.409385 2.656720 0.000000 82.778336 9.313468e-01 1 1 1 257.142936 3.179066e-03 2.491397e-01 5.000000e+02 0.000000e+00 6.661338e-16 4.175529e+04 -7.062313e-03 1.341635e-01 1.264392e-03 3.951777e-04 2.063693e-04 -2.367645e-05 7.01078
125.000000 500.000000 0.312000 5.940000 -3.409385 2.656720 0.000000 78.981607 8.056154e-01 1 1 1 257.142936 3.747189e-03 2.717481e-01 5.000000e+02 -2.775558e-17 4.440892e-16 3.916315e+04 -7.062313e-03 1.341635e-01 1.264392e-03 3.951777e-04 2.063693e-04 -2.367645e-05 3.21406
125.000000 500.000000 0.312000 6.310000 -3.409385 2.656720 0.000000 78.792136 4.838119e-01 1 1 1 257.142936 4.393432e-03 2.958180e-01 5.000000e+02 4.163336e-17 -2.220446e-16 3.686785e+04 -7.062313e-03 1.341635e-01 1.264392e-03 3.951777e-04 2.063693e-04 -2.367645e-05 3.02459
125.000000 500.000000 0.312000 6.680000 -3.409385 2.656720 0.000000 81.628253 5.185855e-01 1 1 1 257.142936 5.117727e-03 3.213481e-01 5.000000e+02 -1.249001e-16 -6.661338e-16 3.482200e+04 -7.062313e-03 1.341635e-01 1.264392e-03 3.951777e-04 2.063693e-04 -2.367645e-05 5.8607
125.000000 500.000000 0.338000 5.200000 -3.474721 2.591385 0.000000 81.199517 8.862826e-01 1 1 1 257.142934 3.297583e-03 2.425924e-01 5.000000e+02 -2.775558e-17 6.661338e-16 4.415780e+04 -6.056697e-03 1.574557e-01 1.485327e-03 5.063098e-04 2.768198e-04 -2.367645e-05 5.43197
125.000000 500.000000 0.338000 5.570000 -3.474721 2.591385 0.000000 78.581512 9.268223e-01 1 1 1 257.142934 3.936966e-03 2.637376e-01 5.000000e+02 -1.249001e-16 4.440892e-16 4.123034e+04 -6.056697e-03 1.574557e-01 1.485327e-03 5.063098e-04 2.768198e-04 -2.367645e-05 2.81396
125.000000 500.000000 0.338000 5.940000 -3.474721 2.591385 0.000000 80.062237 4.915947e-01 1 1 1 257.142934 4.668087e-03 2.863460e-01 5.000000e+02 -2.220446e-16 6.661338e-16 3.865884e+04 -6.056697e-03 1.574557e-01 1.485327e-03 5.063098e-04 2.768198e-04 -2.367645e-05 4.29469
125.000000 500.000000 0.338000 6.310000 -3.474721 2.591385 0.000000 84.512285 5.254940e-01 1 1 1 257.142934 5.490855e-03 3.104159e-01 5.000000e+02 -2.359224e-16 -2.220446e-16 3.638322e+04 -6.056697e-03 1.574557e-01 1.485327e-03 5.063098e-04 2.768198e-04 -2.367645e-05 8.74473
125.000000 500.000000 0.364000 5.200000 -3.545283 2.520822 0.000000 78.722927 4.500229e-01 1 1 1 257.142932 4.029652e-03 2.583582e-01 5.000000e+02 -5.551115e-17 6.661338e-16 4.354607e+04 -4.970632e-03 1.826114e-01 1.723937e-03 6.263324e-04 3.529064e-04 -2.367645e-05 2.95538
125.000000 500.000000 0.364000 5.570000 -3.545283 2.520822 0.000000 81.394758 4.919184e-01 1 1 1 257.142932 4.835853e-03 2.795034e-01 5.000000e+02 -1.110223e-16 6.661338e-16 4.064453e+04 -4.970632e-03 1.826114e-01 1.723937e-03 6.263324e-04 3.529064e-04 -2.367645e-05 5.62721
125.000000 500.000000 0.364000 5.940000 -3.545283 2.520822 0.000000 87.170115 5.256503e-01 1 1 1 257.142932 5.748404e-03 3.021118e-01 5.000000e+02 8.326673e-17 4.440892e-16 3.809761e+04 -4.970632e-03 1.826114e-01 1.723937e-03 6.263324e-04 3.529064e-04 -2.367645e-05 11.4026
125.000000 500.000000 0.390000 4.830000 -3.621072 2.445033 0.000000 78.991820 4.425818e-01 1 1 1 257.142930 4.019215e-03 2.556121e-01 5.000000e+02 -1.387779e-16 0.000000e+00 4.616961e+04 -3.804117e-03 2.096304e-01 1.980222e-03 7.552456e-04 4.346290e-04 -2.367645e-05 3.22427
125.000000 500.000000 0.390000 5.200000 -3.621072 2.445033 0.000000 82.467161 4.859189e-01 1 1 1 257.142930 4.887560e-03 2.752917e-01 5.000000e+02 -5.551115e-17 8.881784e-16 4.286835e+04 -3.804117e-03 2.096304e-01 1.980222e-03 7.552456e-04 4.346290e-04 -2.367645e-05 6.69961
125.000000 500.000000 0.416000 4.460000 -3.702088 2.364017 0.000000 79.213147 4.283738e-01 1 1 1 257.142927 3.905655e-03 2.555028e-01 5.000000e+02 1.942890e-16 -8.881784e-16 4.918047e+04 -2.557153e-03 2.385129e-01 2.254181e-03 8.930494e-04 5.219877e-04 -2.367645e-05 3.4456
125.000000 500.000000 0.416000 4.830000 -3.702088 2.364017 0.000000 82.997950 4.742483e-01 1 1 1 257.142927 4.820060e-03 2.737135e-01 5.000000e+02 -2.775558e-17 2.220446e-16 4.538754e+04 -2.557153e-03 2.385129e-01 2.254181e-03 8.930494e-04 5.219877e-04 -2.367645e-05 7.2304
125.000000 500.000000 0.442000 4.090000 -3.788331 2.277774 0.000000 79.538906 4.074080e-01 1 1 1 257.142925 3.695017e-03 2.580353e-01 5.000000e+02 -1.942890e-16 2.220446e-16 5.268803e+04 -1.229739e-03 2.692587e-01 2.545816e-03 1.039744e-03 6.149824e-04 -2.367645e-05 3.77135
125.000000 500.000000 0.442000 4.460000 -3.788331 2.277774 0.000000 82.940414 4.571555e-01 1 1 1 257.142925 4.636223e-03 2.747720e-01 5.000000e+02 5.551115e-17 -8.881784e-16 4.827910e+04 -1.229739e-03 2.692587e-01 2.545816e-03 1.039744e-03 6.149824e-04 -2.367645e-05 7.17286
125.000000 500.000000 0.468000 3.720000 -3.879801 2.186305 0.000000 80.000784 8.954049e-01 1 1 1 257.142922 3.399426e-03 2.632172e-01 5.000000e+02 -1.665335e-16 -2.220446e-16 5.684728e+04 1.781231e-04 3.018678e-01 2.855125e-03 1.195329e-03 7.136131e-04 -2.367645e-05 4.23323
125.000000 500.000000 0.468000 4.090000 -3.879801 2.186305 0.000000 82.377211 4.345079e-01 1 1 1 257.142922 4.344943e-03 2.784724e-01 5.000000e+02 4.440892e-16 -4.440892e-16 5.164919e+04 1.781231e-04 3.018678e-01 2.855125e-03 1.195329e-03 7.136131e-04 -2.367645e-05 6.60966
125.000000 500.000000 0.494000 3.350000 -3.976497 2.089608 0.000000 81.540128 8.854240e-01 1 1 1 257.142919 3.037154e-03 2.710606e-01 5.000000e+02 0.000000e+00 0.000000e+00 6.188657e+04 1.666435e-03 3.363404e-01 3.182109e-03 1.359804e-03 8.178799e-04 -2.367645e-05 5.77258
125.000000 500.000000 0.494000 3.720000 -3.976497 2.089608 0.000000 81.570104 4.057544e-01 1 1 1 257.142919 3.961168e-03 2.848221e-01 5.000000e+02 -5.551115e-17 -2.220446e-16 5.564883e+04 1.666435e-03 3.363404e-01 3.182109e-03 1.359804e-03 8.178799e-04 -2.367645e-05 5.80255
125.000000 500.000000 0.520000 2.980000 -4.078421 1.987685 0.000000 85.132180 9.425792e-01 1 1 1 257.142916 2.632779e-03 2.815853e-01 5.000000e+02 -2.220446e-16 4.440892e-16 6.816062e+04 3.235196e-03 3.726763e-01 3.526768e-03 1.533170e-03 9.277827e-04 -2.367645e-05 9.36463
125.000000 500.000000 0.520000 3.350000 -4.078421 1.987685 0.000000 81.137091 3.698329e-01 1 1 1 257.142916 3.505970e-03 2.938333e-01 5.000000e+02 -2.220446e-16 0.000000e+00 6.050144e+04 3.235196e-03 3.726763e-01 3.526768e-03 1.533170e-03 9.277827e-04 -2.367645e-05 5.36954
125.000000 500.000000 0.520000 3.720000 -4.078421 1.987685 0.000000 87.183297 4.233267e-01 1 1 1 257.142916 4.598977e-03 3.075948e-01 5.000000e+02 2.775558e-16 -4.440892e-16 5.434920e+04 3.235196e-03 3.726763e-01 3.526768e-03 1.533170e-03 9.277827e-04 -2.367645e-05 11.4157
125.000000 500.000000 0.546000 2.980000 -4.185571 1.880534 0.000000 82.161763 3.250468e-01 1 1 1 257.142913 3.006698e-03 3.055259e-01 5.000000e+02 -3.330669e-16 5.551115e-16 6.655597e+04 4.884407e-03 4.108757e-01 3.889102e-03 1.715427e-03 1.043322e-03 -2.367645e-05 6.39421
125.000000 500.000000 0.546000 3.350000 -4.185571 1.880534 0.000000 84.861698 3.883289e-01 1 1 1 257.142913 4.039900e-03 3.177738e-01 5.000000e+02 -1.110223e-16 -2.220446e-16 5.900023e+04 4.884407e-03 4.108757e-01 3.889102e-03 1.715427e-03 1.043322e-03 -2.367645e-05 9.09415
125.000000 500.000000 0.572000 2.610000 -4.297948 1.768157 0.000000 86.312065 8.435277e-01 1 1 1 257.142909 2.497330e-03 3.199349e-01 5.000000e+02 1.110223e-16 -6.661338e-16 7.440262e+04 6.614066e-03 4.509384e-01 4.269110e-03 1.906574e-03 1.164496e-03 -2.367645e-05 10.5445
125.000000 500.000000 0.572000 2.980000 -4.297948 1.768157 0.000000 83.226302 3.455877e-01 1 1 1 257.142909 3.435551e-03 3.306342e-01 5.000000e+02 -1.665335e-16 8.881784e-16 6.481539e+04 6.614066e-03 4.509384e-01 4.269110e-03 1.906574e-03 1.164496e-03 -2.367645e-05 7.45875
125.000000 500.000000 0.598000 2.610000 -4.415552 1.650553 0.000000 83.989028 2.983216e-01 1 1 1 257.142906 2.822612e-03 3.462111e-01 5.000000e+02 2.220446e-16 -7.771561e-16 7.237610e+04 8.424175e-03 4.928645e-01 4.666793e-03 2.106612e-03 1.291307e-03 -2.367646e-05 8.22148
125.000000 500.000000 0.624000 2.610000 -4.538383 1.527723 0.000000 85.684522 3.310726e-01 1 1 1 257.142902 3.195612e-03 3.736551e-01 5.000000e+02 3.330669e-16 -9.992007e-16 7.018058e+04 1.031473e-02 5.366540e-01 5.082152e-03 2.315540e-03 1.423754e-03 -2.367646e-05 9.91697
125.000000 500.000000 0.650000 2.240000 -4.666440 1.399665 0.000000 87.155678 6.210886e-01 0 1 1 257.142899 2.509916e-03 3.931825e-01 5.000000e+02 0.000000e+00 5.551115e-16 8.022712e+04 1.228574e-02 5.823068e-01 5.515185e-03 2.533359e-03 1.561837e-03 -2.367646e-05 11.3881
