mh mH cba tb Z4 Z5 Z7 chisq tot_hbobs stb uni per mA Gamma_h Gamma_A mHc l6 l7 m12_2 S T U V W X  chisqdiff
125.000000 500.000000 -0.104000 1.500000 -1.976606 1.892977 0.000000 83.408787 4.481493e-01 0 1 1 364.285754 5.203518e-03 4.788411e+00 5.000000e+02 2.775558e-17 6.938894e-17 1.007878e+05 -6.493012e-03 7.506636e-03 2.845321e-05 -1.275244e-04 -1.284840e-04 -2.367645e-05 7.64124
125.000000 500.000000 -0.104000 1.870000 -1.976606 1.892977 0.000000 84.593431 4.370653e-01 0 1 1 364.285754 5.477247e-03 3.126960e+00 5.000000e+02 5.551115e-17 6.938894e-17 9.535626e+04 -6.493012e-03 7.506636e-03 2.845321e-05 -1.275244e-04 -1.284840e-04 -2.367645e-05 8.82588
125.000000 500.000000 -0.104000 2.240000 -1.976606 1.892977 0.000000 86.215140 4.230697e-01 0 1 1 364.285754 5.755762e-03 2.224300e+00 5.000000e+02 -2.775558e-17 -1.110223e-16 8.708532e+04 -6.493012e-03 7.506636e-03 2.845321e-05 -1.275244e-04 -1.284840e-04 -2.367645e-05 10.4476
125.000000 500.000000 -0.078000 1.500000 -1.958312 1.911271 0.000000 80.381595 4.893264e-01 0 1 1 364.285754 4.983989e-03 4.749766e+00 5.000000e+02 0.000000e+00 5.551115e-17 1.046323e+05 -6.817524e-03 4.222483e-03 9.530912e-06 -1.601161e-04 -1.482102e-04 -2.367645e-05 4.61404
125.000000 500.000000 -0.078000 1.870000 -1.958312 1.911271 0.000000 81.127438 4.798081e-01 0 1 1 364.285754 5.182487e-03 3.088315e+00 5.000000e+02 2.775558e-17 3.816392e-17 9.769145e+04 -6.817524e-03 4.222483e-03 9.530912e-06 -1.601161e-04 -1.482102e-04 -2.367645e-05 5.35989
125.000000 500.000000 -0.078000 2.240000 -1.958312 1.911271 0.000000 82.152092 4.678408e-01 0 1 1 364.285754 5.382878e-03 2.185655e+00 5.000000e+02 4.163336e-17 -1.387779e-16 8.874700e+04 -6.817524e-03 4.222483e-03 9.530912e-06 -1.601161e-04 -1.482102e-04 -2.367645e-05 6.38454
125.000000 500.000000 -0.078000 2.610000 -1.958312 1.911271 0.000000 83.419009 4.547952e-01 0 1 1 364.285754 5.586407e-03 1.645071e+00 5.000000e+02 -1.110223e-16 2.498002e-16 8.031348e+04 -6.817524e-03 4.222483e-03 9.530912e-06 -1.601161e-04 -1.482102e-04 -2.367645e-05 7.65146
125.000000 500.000000 -0.078000 2.980000 -1.958312 1.911271 0.000000 84.782050 4.413481e-01 0 1 1 364.285754 5.793709e-03 1.299427e+00 5.000000e+02 -5.551115e-17 -5.551115e-17 7.289304e+04 -6.817524e-03 4.222483e-03 9.530912e-06 -1.601161e-04 -1.482102e-04 -2.367645e-05 9.0145
125.000000 500.000000 -0.078000 3.350000 -1.958312 1.911271 0.000000 86.278611 4.278627e-01 0 1 1 364.285754 6.005138e-03 1.068394e+00 5.000000e+02 1.387779e-17 2.775558e-17 6.649333e+04 -6.817524e-03 4.222483e-03 9.530912e-06 -1.601161e-04 -1.482102e-04 -2.367645e-05 10.5111
125.000000 500.000000 -0.052000 1.500000 -1.945245 1.924338 0.000000 78.130107 5.331724e-01 0 1 1 364.285755 4.766490e-03 4.722163e+00 5.000000e+02 0.000000e+00 5.551115e-17 1.083512e+05 -7.049319e-03 1.876659e-03 -3.985016e-06 -1.833960e-04 -1.623003e-04 -2.367645e-05 2.36256
125.000000 500.000000 -0.052000 1.870000 -1.945245 1.924338 0.000000 78.493184 5.259432e-01 0 1 1 364.285755 4.894208e-03 3.060712e+00 5.000000e+02 -1.387779e-17 3.816392e-17 9.990647e+04 -7.049319e-03 1.876659e-03 -3.985016e-06 -1.833960e-04 -1.623003e-04 -2.367645e-05 2.72563
125.000000 500.000000 -0.052000 2.240000 -1.945245 1.924338 0.000000 79.000031 5.168766e-01 0 1 1 364.285755 5.022059e-03 2.158052e+00 5.000000e+02 0.000000e+00 -6.245005e-17 9.029845e+04 -7.049319e-03 1.876659e-03 -3.985016e-06 -1.833960e-04 -1.623003e-04 -2.367645e-05 3.23248
125.000000 500.000000 -0.052000 2.610000 -1.945245 1.924338 0.000000 79.612960 5.069204e-01 0 1 1 364.285755 5.150898e-03 1.617468e+00 5.000000e+02 -1.387779e-17 9.714451e-17 8.148652e+04 -7.049319e-03 1.876659e-03 -3.985016e-06 -1.833960e-04 -1.623003e-04 -2.367645e-05 3.84541
125.000000 500.000000 -0.052000 2.980000 -1.945245 1.924338 0.000000 80.314235 4.965484e-01 0 1 1 364.285755 5.281160e-03 1.271824e+00 5.000000e+02 7.632783e-17 -1.387779e-16 7.382251e+04 -7.049319e-03 1.876659e-03 -3.985016e-06 -1.833960e-04 -1.623003e-04 -2.367645e-05 4.54668
125.000000 500.000000 -0.052000 3.350000 -1.945245 1.924338 0.000000 81.093060 4.860204e-01 0 1 1 364.285755 5.413086e-03 1.040791e+00 5.000000e+02 4.857226e-17 -4.163336e-17 6.725427e+04 -7.049319e-03 1.876659e-03 -3.985016e-06 -1.833960e-04 -1.623003e-04 -2.367645e-05 5.32551
125.000000 500.000000 -0.052000 3.720000 -1.945245 1.924338 0.000000 81.941760 4.754884e-01 0 1 1 364.285755 5.546823e-03 8.818672e-01 5.000000e+02 6.245005e-17 -5.551115e-17 6.163221e+04 -7.049319e-03 1.876659e-03 -3.985016e-06 -1.833960e-04 -1.623003e-04 -2.367645e-05 6.17421
125.000000 500.000000 -0.052000 4.090000 -1.945245 1.924338 0.000000 82.853642 4.650453e-01 0 1 1 364.285755 5.682464e-03 7.708557e-01 5.000000e+02 -3.469447e-17 2.775558e-17 5.680040e+04 -7.049319e-03 1.876659e-03 -3.985016e-06 -1.833960e-04 -1.623003e-04 -2.367645e-05 7.08609
125.000000 500.000000 -0.052000 4.460000 -1.945245 1.924338 0.000000 83.864041 4.547495e-01 0 1 1 364.285755 5.820074e-03 6.931571e-01 5.000000e+02 -5.204170e-17 1.665335e-16 5.262202e+04 -7.049319e-03 1.876659e-03 -3.985016e-06 -1.833960e-04 -1.623003e-04 -2.367645e-05 8.09649
125.000000 500.000000 -0.052000 4.830000 -1.945245 1.924338 0.000000 84.872844 4.446381e-01 0 1 1 364.285755 5.959694e-03 6.395398e-01 5.000000e+02 -2.428613e-17 0.000000e+00 4.898384e+04 -7.049319e-03 1.876659e-03 -3.985016e-06 -1.833960e-04 -1.623003e-04 -2.367645e-05 9.10529
125.000000 500.000000 -0.052000 5.200000 -1.945245 1.924338 0.000000 85.931129 4.347344e-01 0 1 1 364.285755 6.101358e-03 6.039348e-01 5.000000e+02 -3.816392e-17 -5.551115e-17 4.579408e+04 -7.049319e-03 1.876659e-03 -3.985016e-06 -1.833960e-04 -1.623003e-04 -2.367645e-05 10.1636
125.000000 500.000000 -0.052000 5.570000 -1.945245 1.924338 0.000000 87.034082 4.250532e-01 0 1 1 364.285755 6.245088e-03 5.822188e-01 5.000000e+02 -5.551115e-17 -5.551115e-17 4.297886e+04 -7.049319e-03 1.876659e-03 -3.985016e-06 -1.833960e-04 -1.623003e-04 -2.367645e-05 11.2665
125.000000 500.000000 -0.026000 1.500000 -1.937405 1.932178 0.000000 76.584554 7.684743e-01 0 1 1 364.285755 4.551450e-03 4.705601e+00 5.000000e+02 6.938894e-18 1.734723e-17 1.119376e+05 -7.188395e-03 4.691648e-04 -1.209457e-05 -1.973638e-04 -1.707543e-04 -2.367645e-05 0.817003
125.000000 500.000000 -0.026000 1.870000 -1.937405 1.932178 0.000000 76.689182 7.735438e-01 0 1 1 364.285755 4.612962e-03 3.044150e+00 5.000000e+02 3.469447e-17 -1.908196e-17 1.019974e+05 -7.188395e-03 4.691648e-04 -1.209457e-05 -1.973638e-04 -1.707543e-04 -2.367645e-05 0.921631
125.000000 500.000000 -0.026000 2.240000 -1.937405 1.932178 0.000000 76.841888 7.771482e-01 0 1 1 364.285755 4.673977e-03 2.141490e+00 5.000000e+02 4.857226e-17 -6.938894e-17 9.173710e+04 -7.188395e-03 4.691648e-04 -1.209457e-05 -1.973638e-04 -1.707543e-04 -2.367645e-05 1.07434
125.000000 500.000000 -0.026000 2.610000 -1.937405 1.932178 0.000000 77.025460 5.648912e-01 0 1 1 364.285755 4.734934e-03 1.600906e+00 5.000000e+02 -4.163336e-17 8.326673e-17 8.255740e+04 -7.188395e-03 4.691648e-04 -1.209457e-05 -1.973638e-04 -1.707543e-04 -2.367645e-05 1.25791
125.000000 500.000000 -0.026000 2.980000 -1.937405 1.932178 0.000000 77.237204 5.589045e-01 0 1 1 364.285755 4.796057e-03 1.255262e+00 5.000000e+02 -3.469447e-17 -6.938894e-18 7.465924e+04 -7.188395e-03 4.691648e-04 -1.209457e-05 -1.973638e-04 -1.707543e-04 -2.367645e-05 1.46965
125.000000 500.000000 -0.026000 3.350000 -1.937405 1.932178 0.000000 77.503219 5.527510e-01 0 1 1 364.285755 4.857468e-03 1.024229e+00 5.000000e+02 6.938894e-18 0.000000e+00 6.793059e+04 -7.188395e-03 4.691648e-04 -1.209457e-05 -1.973638e-04 -1.707543e-04 -2.367645e-05 1.73567
125.000000 500.000000 -0.026000 3.720000 -1.937405 1.932178 0.000000 77.758107 5.465124e-01 0 1 1 364.285755 4.919242e-03 8.653053e-01 5.000000e+02 -1.040834e-17 1.387779e-17 6.219299e+04 -7.188395e-03 4.691648e-04 -1.209457e-05 -1.973638e-04 -1.707543e-04 -2.367645e-05 1.99056
125.000000 500.000000 -0.026000 4.090000 -1.937405 1.932178 0.000000 78.035241 5.402402e-01 0 1 1 364.285755 4.981428e-03 7.542937e-01 5.000000e+02 4.857226e-17 -5.551115e-17 5.727478e+04 -7.188395e-03 4.691648e-04 -1.209457e-05 -1.973638e-04 -1.707543e-04 -2.367645e-05 2.26769
125.000000 500.000000 -0.026000 4.460000 -1.937405 1.932178 0.000000 78.333558 5.339685e-01 0 1 1 364.285755 5.044056e-03 6.765951e-01 5.000000e+02 3.816392e-17 2.775558e-17 5.302989e+04 -7.188395e-03 4.691648e-04 -1.209457e-05 -1.973638e-04 -1.707543e-04 -2.367645e-05 2.56601
125.000000 500.000000 -0.026000 4.830000 -1.937405 1.932178 0.000000 78.652152 5.277202e-01 0 1 1 364.285755 5.107150e-03 6.229779e-01 5.000000e+02 3.816392e-17 -2.775558e-17 4.933927e+04 -7.188395e-03 4.691648e-04 -1.209457e-05 -1.973638e-04 -1.707543e-04 -2.367645e-05 2.8846
125.000000 500.000000 -0.026000 5.200000 -1.937405 1.932178 0.000000 78.990209 5.215113e-01 0 1 1 364.285755 5.170725e-03 5.873728e-01 5.000000e+02 8.673617e-18 -6.938894e-17 4.610736e+04 -7.188395e-03 4.691648e-04 -1.209457e-05 -1.973638e-04 -1.707543e-04 -2.367645e-05 3.22266
125.000000 500.000000 -0.026000 5.570000 -1.937405 1.932178 0.000000 79.346981 5.153531e-01 0 1 1 364.285755 5.234792e-03 5.656569e-01 5.000000e+02 -8.673617e-18 -5.551115e-17 4.325768e+04 -7.188395e-03 4.691648e-04 -1.209457e-05 -1.973638e-04 -1.707543e-04 -2.367645e-05 3.57943
125.000000 500.000000 -0.026000 5.940000 -1.937405 1.932178 0.000000 79.721763 5.092539e-01 0 1 1 364.285755 5.299361e-03 5.549496e-01 5.000000e+02 -2.255141e-17 -2.775558e-17 4.072886e+04 -7.188395e-03 4.691648e-04 -1.209457e-05 -1.973638e-04 -1.707543e-04 -2.367645e-05 3.95421
125.000000 500.000000 -0.026000 6.310000 -1.937405 1.932178 0.000000 80.113876 5.032194e-01 0 1 1 364.285755 5.364439e-03 5.531896e-01 5.000000e+02 1.040834e-17 2.775558e-17 3.847138e+04 -7.188395e-03 4.691648e-04 -1.209457e-05 -1.973638e-04 -1.707543e-04 -2.367645e-05 4.34633
125.000000 500.000000 -0.026000 6.680000 -1.937405 1.932178 0.000000 80.522943 4.972538e-01 0 1 1 364.285755 5.430030e-03 5.588698e-01 5.000000e+02 3.469447e-17 2.775558e-17 3.644504e+04 -7.188395e-03 4.691648e-04 -1.209457e-05 -1.973638e-04 -1.707543e-04 -2.367645e-05 4.75539
125.000000 500.000000 -0.026000 7.050000 -1.937405 1.932178 0.000000 80.948163 4.913602e-01 0 1 1 364.285755 5.496138e-03 5.708682e-01 5.000000e+02 -5.204170e-17 0.000000e+00 3.461696e+04 -7.188395e-03 4.691648e-04 -1.209457e-05 -1.973638e-04 -1.707543e-04 -2.367645e-05 5.18061
125.000000 500.000000 -0.026000 7.420000 -1.937405 1.932178 0.000000 81.388964 4.855406e-01 0 1 1 364.285755 5.562767e-03 5.883351e-01 5.000000e+02 2.081668e-17 2.775558e-17 3.296002e+04 -7.188395e-03 4.691648e-04 -1.209457e-05 -1.973638e-04 -1.707543e-04 -2.367645e-05 5.62141
125.000000 500.000000 -0.026000 7.790000 -1.937405 1.932178 0.000000 81.844731 4.797965e-01 0 1 1 364.285755 5.629920e-03 6.106178e-01 5.000000e+02 -2.862294e-17 2.775558e-17 3.145174e+04 -7.188395e-03 4.691648e-04 -1.209457e-05 -1.973638e-04 -1.707543e-04 -2.367645e-05 6.07718
125.000000 500.000000 -0.026000 8.160000 -1.937405 1.932178 0.000000 82.314861 4.741288e-01 0 1 1 364.285755 5.697599e-03 6.372082e-01 5.000000e+02 -5.204170e-18 8.326673e-17 3.007331e+04 -7.188395e-03 4.691648e-04 -1.209457e-05 -1.973638e-04 -1.707543e-04 -2.367645e-05 6.54731
125.000000 500.000000 -0.026000 8.530000 -1.937405 1.932178 0.000000 82.798761 4.685379e-01 0 1 1 364.285755 5.765805e-03 6.677058e-01 5.000000e+02 -8.673617e-19 5.551115e-17 2.880892e+04 -7.188395e-03 4.691648e-04 -1.209457e-05 -1.973638e-04 -1.707543e-04 -2.367645e-05 7.03121
125.000000 500.000000 -0.026000 8.900000 -1.937405 1.932178 0.000000 83.346941 4.630241e-01 0 1 1 364.285755 5.834541e-03 7.017916e-01 5.000000e+02 -9.107298e-18 4.163336e-17 2.764519e+04 -7.188395e-03 4.691648e-04 -1.209457e-05 -1.973638e-04 -1.707543e-04 -2.367645e-05 7.57939
125.000000 500.000000 -0.026000 9.270000 -1.937405 1.932178 0.000000 83.849091 4.575873e-01 0 1 1 364.285755 5.903807e-03 7.392092e-01 5.000000e+02 1.994932e-17 6.938894e-17 2.657070e+04 -7.188395e-03 4.691648e-04 -1.209457e-05 -1.973638e-04 -1.707543e-04 -2.367645e-05 8.08154
125.000000 500.000000 -0.026000 9.640000 -1.937405 1.932178 0.000000 84.363916 4.522271e-01 0 1 1 364.285755 5.973604e-03 7.797501e-01 5.000000e+02 -8.673617e-18 4.163336e-17 2.557569e+04 -7.188395e-03 4.691648e-04 -1.209457e-05 -1.973638e-04 -1.707543e-04 -2.367645e-05 8.59637
125.000000 500.000000 -0.026000 10.010000 -1.937405 1.932178 0.000000 84.890859 4.469433e-01 0 1 1 364.285755 6.043934e-03 8.232437e-01 5.000000e+02 -3.426079e-17 2.775558e-17 2.465176e+04 -7.188395e-03 4.691648e-04 -1.209457e-05 -1.973638e-04 -1.707543e-04 -2.367645e-05 9.12331
125.000000 500.000000 -0.026000 10.380000 -1.937405 1.932178 0.000000 85.429580 4.417352e-01 0 1 1 364.285755 6.114797e-03 8.695495e-01 5.000000e+02 1.778092e-17 2.775558e-17 2.379163e+04 -7.188395e-03 4.691648e-04 -1.209457e-05 -1.973638e-04 -1.707543e-04 -2.367645e-05 9.66203
125.000000 500.000000 -0.026000 10.750000 -1.937405 1.932178 0.000000 85.979038 4.366021e-01 0 1 1 364.285755 6.186193e-03 9.185505e-01 5.000000e+02 6.505213e-18 -9.714451e-17 2.298897e+04 -7.188395e-03 4.691648e-04 -1.209457e-05 -1.973638e-04 -1.707543e-04 -2.367645e-05 10.2115
125.000000 500.000000 -0.026000 11.120000 -1.937405 1.932178 0.000000 86.539442 4.315435e-01 0 1 1 364.285755 6.258125e-03 9.701489e-01 5.000000e+02 6.938894e-18 -6.938894e-17 2.223826e+04 -7.188395e-03 4.691648e-04 -1.209457e-05 -1.973638e-04 -1.707543e-04 -2.367645e-05 10.7719
125.000000 500.000000 -0.026000 11.490000 -1.937405 1.932178 0.000000 87.109104 4.265584e-01 0 1 1 364.285755 6.330591e-03 1.024262e+00 5.000000e+02 4.770490e-18 -6.938894e-17 2.153465e+04 -7.188395e-03 4.691648e-04 -1.209457e-05 -1.973638e-04 -1.707543e-04 -2.367645e-05 11.3416
125.000000 500.000000 0.000000 1.500000 -1.934791 1.934791 0.000000 75.803007 7.886683e-01 0 1 1 364.285755 4.339300e-03 4.700080e+00 5.000000e+02 2.562053e-17 -2.562053e-17 1.153846e+05 -7.234754e-03 3.883777e-16 -1.479776e-05 -2.020198e-04 -1.735723e-04 -2.367645e-05 0.035456
125.000000 500.000000 0.000000 1.870000 -1.934791 1.934791 0.000000 75.803007 7.886683e-01 0 1 1 364.285755 4.339300e-03 3.038630e+00 5.000000e+02 6.925161e-17 -6.925161e-17 1.039605e+05 -7.234754e-03 4.611985e-16 -1.479776e-05 -2.020198e-04 -1.735723e-04 -2.367645e-05 0.035456
125.000000 500.000000 0.000000 2.240000 -1.934791 1.934791 0.000000 75.803007 7.886683e-01 0 1 1 364.285755 4.339300e-03 2.135969e+00 5.000000e+02 6.199065e-17 -6.199065e-17 9.306036e+04 -7.234754e-03 5.340193e-16 -1.479776e-05 -2.020198e-04 -1.735723e-04 -2.367645e-05 0.035456
125.000000 500.000000 0.000000 2.610000 -1.934791 1.934791 0.000000 75.803007 7.886683e-01 0 1 1 364.285755 4.339300e-03 1.595385e+00 5.000000e+02 6.491140e-17 -6.491140e-17 8.352428e+04 -7.234754e-03 4.611985e-16 -1.479776e-05 -2.020198e-04 -1.735723e-04 -2.367645e-05 0.035456
125.000000 500.000000 0.000000 2.980000 -1.934791 1.934791 0.000000 75.803007 7.886683e-01 0 1 1 364.285755 4.339300e-03 1.249741e+00 5.000000e+02 4.185641e-17 -4.185641e-17 7.540181e+04 -7.234754e-03 4.611985e-16 -1.479776e-05 -2.020198e-04 -1.735723e-04 -2.367645e-05 0.035456
125.000000 500.000000 0.000000 3.350000 -1.934791 1.934791 0.000000 75.803007 7.886683e-01 0 1 1 364.285755 4.339300e-03 1.018708e+00 5.000000e+02 5.325165e-17 -5.325165e-17 6.852117e+04 -7.234754e-03 4.611985e-16 -1.479776e-05 -2.020198e-04 -1.735723e-04 -2.367645e-05 0.035456
125.000000 500.000000 0.000000 3.720000 -1.934791 1.934791 0.000000 75.803007 7.886683e-01 0 1 1 364.285755 4.339300e-03 8.597846e-01 5.000000e+02 4.175008e-17 -4.175008e-17 6.267522e+04 -7.234754e-03 3.883777e-16 -1.479776e-05 -2.020198e-04 -1.735723e-04 -2.367645e-05 0.035456
125.000000 500.000000 0.000000 4.090000 -1.934791 1.934791 0.000000 75.803007 7.886683e-01 0 1 1 364.285755 4.339300e-03 7.487731e-01 5.000000e+02 5.763070e-17 -5.763070e-17 5.767680e+04 -7.234754e-03 8.044967e-16 -1.479776e-05 -2.020198e-04 -1.735723e-04 -2.367645e-05 0.035456
125.000000 500.000000 0.000000 4.460000 -1.934791 1.934791 0.000000 75.803007 7.886683e-01 0 1 1 364.285755 4.339300e-03 6.710745e-01 5.000000e+02 3.555205e-17 -3.555205e-17 5.337073e+04 -7.234754e-03 1.456416e-16 -1.479776e-05 -2.020198e-04 -1.735723e-04 -2.367645e-05 0.035456
125.000000 500.000000 0.000000 4.830000 -1.934791 1.934791 0.000000 75.803007 7.886683e-01 0 1 1 364.285755 4.339300e-03 6.174573e-01 5.000000e+02 3.306177e-17 -3.306177e-17 4.963233e+04 -7.234754e-03 3.883777e-16 -1.479776e-05 -2.020198e-04 -1.735723e-04 -2.367645e-05 0.035456
125.000000 500.000000 0.000000 5.200000 -1.934791 1.934791 0.000000 75.803007 7.886683e-01 0 1 1 364.285755 4.339300e-03 5.818522e-01 5.000000e+02 4.117803e-17 -4.117803e-17 4.636234e+04 -7.234754e-03 8.773175e-16 -1.479776e-05 -2.020198e-04 -1.735723e-04 -2.367645e-05 0.035456
125.000000 500.000000 0.000000 5.570000 -1.934791 1.934791 0.000000 75.803007 7.886683e-01 0 1 1 364.285755 4.339300e-03 5.601362e-01 5.000000e+02 3.861959e-17 -3.861959e-17 4.348179e+04 -7.234754e-03 7.282082e-17 -1.479776e-05 -2.020198e-04 -1.735723e-04 -2.367645e-05 0.035456
125.000000 500.000000 0.000000 5.940000 -1.934791 1.934791 0.000000 75.803007 7.886683e-01 0 1 1 364.285755 4.339300e-03 5.494290e-01 5.000000e+02 3.180712e-17 -3.180712e-17 4.092758e+04 -7.234754e-03 -7.282082e-17 -1.479776e-05 -2.020198e-04 -1.735723e-04 -2.367645e-05 0.035456
125.000000 500.000000 0.000000 6.310000 -1.934791 1.934791 0.000000 75.803007 7.886683e-01 0 1 1 364.285755 4.339300e-03 5.476690e-01 5.000000e+02 3.003628e-17 -3.003628e-17 3.864896e+04 -7.234754e-03 5.340193e-16 -1.479776e-05 -2.020198e-04 -1.735723e-04 -2.367645e-05 0.035456
125.000000 500.000000 0.000000 6.680000 -1.934791 1.934791 0.000000 75.803007 7.886683e-01 0 1 1 364.285755 4.339300e-03 5.533492e-01 5.000000e+02 3.251162e-17 -3.251162e-17 3.660483e+04 -7.234754e-03 0.000000e+00 -1.479776e-05 -2.020198e-04 -1.735723e-04 -2.367645e-05 0.035456
125.000000 500.000000 0.000000 7.050000 -1.934791 1.934791 0.000000 75.803007 7.886683e-01 0 1 1 364.285755 4.339300e-03 5.653476e-01 5.000000e+02 2.701519e-17 -2.701519e-17 3.476160e+04 -7.234754e-03 3.883777e-16 -1.479776e-05 -2.020198e-04 -1.735723e-04 -2.367645e-05 0.035456
125.000000 500.000000 0.000000 7.420000 -1.934791 1.934791 0.000000 75.803007 7.886683e-01 0 1 1 364.285755 4.339300e-03 5.828145e-01 5.000000e+02 2.571740e-17 -2.571740e-17 3.309167e+04 -7.234754e-03 0.000000e+00 -1.479776e-05 -2.020198e-04 -1.735723e-04 -2.367645e-05 0.035456
125.000000 500.000000 0.000000 7.790000 -1.934791 1.934791 0.000000 75.803007 7.886683e-01 0 1 1 364.285755 4.339300e-03 6.050972e-01 5.000000e+02 2.453649e-17 -2.453649e-17 3.157216e+04 -7.234754e-03 1.456416e-16 -1.479776e-05 -2.020198e-04 -1.735723e-04 -2.367645e-05 0.035456
125.000000 500.000000 0.000000 8.160000 -1.934791 1.934791 0.000000 75.803007 7.886683e-01 0 1 1 364.285755 4.339300e-03 6.316875e-01 5.000000e+02 2.680873e-17 -2.680873e-17 3.018394e+04 -7.234754e-03 5.340193e-16 -1.479776e-05 -2.020198e-04 -1.735723e-04 -2.367645e-05 0.035456
125.000000 500.000000 0.000000 8.530000 -1.934791 1.934791 0.000000 75.803007 7.886683e-01 0 1 1 364.285755 4.339300e-03 6.621851e-01 5.000000e+02 2.567811e-17 -2.567811e-17 2.891098e+04 -7.234754e-03 0.000000e+00 -1.479776e-05 -2.020198e-04 -1.735723e-04 -2.367645e-05 0.035456
125.000000 500.000000 0.000000 8.900000 -1.934791 1.934791 0.000000 75.803007 7.886683e-01 0 1 1 364.285755 4.339300e-03 6.962710e-01 5.000000e+02 3.079724e-17 -3.079724e-17 2.773968e+04 -7.234754e-03 4.161190e-16 -1.479776e-05 -2.020198e-04 -1.735723e-04 -2.367645e-05 0.035456
125.000000 500.000000 0.000000 9.270000 -1.934791 1.934791 0.000000 75.803007 7.886683e-01 0 1 1 364.285755 4.339300e-03 7.336885e-01 5.000000e+02 2.959687e-17 -2.959687e-17 2.665849e+04 -7.234754e-03 4.889398e-16 -1.479776e-05 -2.020198e-04 -1.735723e-04 -2.367645e-05 0.035456
125.000000 500.000000 0.000000 9.640000 -1.934791 1.934791 0.000000 75.803007 7.886683e-01 0 1 1 364.285755 4.339300e-03 7.742294e-01 5.000000e+02 2.278845e-17 -2.278845e-17 2.565751e+04 -7.234754e-03 0.000000e+00 -1.479776e-05 -2.020198e-04 -1.735723e-04 -2.367645e-05 0.035456
125.000000 500.000000 0.000000 10.010000 -1.934791 1.934791 0.000000 75.803007 7.886683e-01 0 1 1 364.285755 4.339300e-03 8.177231e-01 5.000000e+02 2.745386e-17 -2.745386e-17 2.472824e+04 -7.234754e-03 3.883777e-16 -1.479776e-05 -2.020198e-04 -1.735723e-04 -2.367645e-05 0.035456
125.000000 500.000000 0.000000 10.380000 -1.934791 1.934791 0.000000 75.803007 7.886683e-01 0 1 1 364.285755 4.339300e-03 8.640289e-01 5.000000e+02 2.119487e-17 -2.119487e-17 2.386330e+04 -7.234754e-03 0.000000e+00 -1.479776e-05 -2.020198e-04 -1.735723e-04 -2.367645e-05 0.035456
125.000000 500.000000 0.000000 10.750000 -1.934791 1.934791 0.000000 75.803007 7.886683e-01 0 1 1 364.285755 4.339300e-03 9.130299e-01 5.000000e+02 2.047811e-17 -2.047811e-17 2.305630e+04 -7.234754e-03 5.340193e-16 -1.479776e-05 -2.020198e-04 -1.735723e-04 -2.367645e-05 0.035456
125.000000 500.000000 0.000000 11.120000 -1.934791 1.934791 0.000000 75.803007 7.886683e-01 0 1 1 364.285755 4.339300e-03 9.646283e-01 5.000000e+02 1.980785e-17 -1.980785e-17 2.230166e+04 -7.234754e-03 4.611985e-16 -1.479776e-05 -2.020198e-04 -1.735723e-04 -2.367645e-05 0.035456
125.000000 500.000000 0.000000 11.490000 -1.934791 1.934791 0.000000 75.803007 7.886683e-01 0 1 1 364.285755 4.339300e-03 1.018742e+00 5.000000e+02 1.917975e-17 -1.917975e-17 2.159448e+04 -7.234754e-03 0.000000e+00 -1.479776e-05 -2.020198e-04 -1.735723e-04 -2.367645e-05 0.035456
125.000000 500.000000 0.000000 11.860000 -1.934791 1.934791 0.000000 75.803007 7.886683e-01 0 1 1 364.285755 4.339300e-03 1.075301e+00 5.000000e+02 1.858998e-17 -1.858998e-17 2.093046e+04 -7.234754e-03 0.000000e+00 -1.479776e-05 -2.020198e-04 -1.735723e-04 -2.367645e-05 0.035456
125.000000 500.000000 0.000000 12.230000 -1.934791 1.934791 0.000000 75.803007 7.886683e-01 0 1 1 364.285755 4.339300e-03 1.134246e+00 5.000000e+02 2.254394e-17 -2.254394e-17 2.030578e+04 -7.234754e-03 7.282082e-17 -1.479776e-05 -2.020198e-04 -1.735723e-04 -2.367645e-05 0.035456
125.000000 500.000000 0.000000 12.600000 -1.934791 1.934791 0.000000 75.803007 7.886683e-01 0 1 1 364.285755 4.339300e-03 1.195526e+00 5.000000e+02 1.751228e-17 -1.751228e-17 1.971708e+04 -7.234754e-03 4.611985e-16 -1.479776e-05 -2.020198e-04 -1.735723e-04 -2.367645e-05 0.035456
125.000000 500.000000 0.000000 12.970000 -1.934791 1.934791 0.000000 75.803007 7.886683e-01 0 1 1 364.285755 4.339300e-03 1.259098e+00 5.000000e+02 1.701869e-17 -1.701869e-17 1.916134e+04 -7.234754e-03 -3.883777e-16 -1.479776e-05 -2.020198e-04 -1.735723e-04 -2.367645e-05 0.035456
125.000000 500.000000 0.000000 13.340000 -1.934791 1.934791 0.000000 75.803007 7.886683e-01 0 1 1 364.285755 4.339300e-03 1.324925e+00 5.000000e+02 2.069001e-17 -2.069001e-17 1.863591e+04 -7.234754e-03 8.773175e-16 -1.479776e-05 -2.020198e-04 -1.735723e-04 -2.367645e-05 0.035456
125.000000 500.000000 0.000000 13.710000 -1.934791 1.934791 0.000000 75.803007 7.886683e-01 0 1 1 364.285755 4.339300e-03 1.392973e+00 5.000000e+02 2.013763e-17 -2.013763e-17 1.813837e+04 -7.234754e-03 8.044967e-16 -1.479776e-05 -2.020198e-04 -1.735723e-04 -2.367645e-05 0.035456
125.000000 500.000000 0.000000 14.080000 -1.934791 1.934791 0.000000 75.803007 7.886683e-01 0 1 1 364.285755 4.339300e-03 1.463214e+00 5.000000e+02 1.176830e-17 -1.176830e-17 1.766657e+04 -7.234754e-03 7.282082e-17 -1.479776e-05 -2.020198e-04 -1.735723e-04 -2.367645e-05 0.035456
125.000000 500.000000 0.000000 14.450000 -1.934791 1.934791 0.000000 75.803007 7.886683e-01 0 1 1 364.285755 4.339300e-03 1.535624e+00 5.000000e+02 1.146987e-17 -1.146987e-17 1.721857e+04 -7.234754e-03 0.000000e+00 -1.479776e-05 -2.020198e-04 -1.735723e-04 -2.367645e-05 0.035456
125.000000 500.000000 0.000000 14.820000 -1.934791 1.934791 0.000000 75.803007 7.886683e-01 0 1 1 364.285755 4.339300e-03 1.610180e+00 5.000000e+02 1.118614e-17 -1.118614e-17 1.679264e+04 -7.234754e-03 -3.883777e-16 -1.479776e-05 -2.020198e-04 -1.735723e-04 -2.367645e-05 0.035456
125.000000 500.000000 0.000000 15.190000 -1.934791 1.934791 0.000000 75.803007 7.886683e-01 0 1 1 364.285755 4.339300e-03 1.686864e+00 5.000000e+02 1.455474e-17 -1.455474e-17 1.638717e+04 -7.234754e-03 5.340193e-16 -1.479776e-05 -2.020198e-04 -1.735723e-04 -2.367645e-05 0.035456
125.000000 500.000000 0.000000 15.560000 -1.934791 1.934791 0.000000 75.803007 7.886683e-01 0 1 1 364.285755 4.339300e-03 1.765658e+00 5.000000e+02 1.421152e-17 -1.421152e-17 1.600075e+04 -7.234754e-03 -3.883777e-16 -1.479776e-05 -2.020198e-04 -1.735723e-04 -2.367645e-05 0.035456
125.000000 500.000000 0.000000 15.930000 -1.934791 1.934791 0.000000 75.803007 8.192000e-01 0 1 1 364.285755 4.339300e-03 1.846548e+00 5.000000e+02 1.388406e-17 -1.388406e-17 1.563206e+04 -7.234754e-03 4.611985e-16 -1.479776e-05 -2.020198e-04 -1.735723e-04 -2.367645e-05 0.035456
125.000000 500.000000 0.000000 16.300000 -1.934791 1.934791 0.000000 75.803007 8.587002e-01 0 1 1 364.285755 4.339300e-03 1.929521e+00 5.000000e+02 1.696411e-17 -1.696411e-17 1.527991e+04 -7.234754e-03 -1.480690e-15 -1.479776e-05 -2.020198e-04 -1.735723e-04 -2.367645e-05 0.035456
125.000000 500.000000 0.000000 16.670000 -1.934791 1.934791 0.000000 75.803007 8.982456e-01 0 1 1 364.285755 4.339300e-03 2.014564e+00 5.000000e+02 1.659031e-17 -1.659031e-17 1.494323e+04 -7.234754e-03 4.611985e-16 -1.479776e-05 -2.020198e-04 -1.735723e-04 -2.367645e-05 0.035456
125.000000 500.000000 0.000000 17.040000 -1.934791 1.934791 0.000000 75.803007 9.394495e-01 0 1 1 364.285755 4.339300e-03 2.101667e+00 5.000000e+02 9.739547e-18 -9.739547e-18 1.462101e+04 -7.234754e-03 3.883777e-16 -1.479776e-05 -2.020198e-04 -1.735723e-04 -2.367645e-05 0.035456
125.000000 500.000000 0.000000 17.410000 -1.934791 1.934791 0.000000 75.803007 9.822542e-01 0 1 1 364.285755 4.339300e-03 2.190820e+00 5.000000e+02 9.533937e-18 -9.533937e-18 1.431234e+04 -7.234754e-03 -4.161190e-16 -1.479776e-05 -2.020198e-04 -1.735723e-04 -2.367645e-05 0.035456
125.000000 500.000000 0.026000 1.500000 -1.937405 1.932178 0.000000 75.767551 8.071584e-01 0 1 1 364.285755 4.130467e-03 4.705601e+00 5.000000e+02 -1.387779e-17 -6.938894e-18 1.186853e+05 -7.188395e-03 4.691648e-04 -1.209457e-05 -1.973638e-04 -1.707543e-04 -2.367645e-05 0
125.000000 500.000000 0.026000 1.870000 -1.937405 1.932178 0.000000 75.857058 8.018267e-01 0 1 1 364.285755 4.073768e-03 3.044150e+00 5.000000e+02 6.938894e-18 -2.081668e-17 1.057918e+05 -7.188395e-03 4.691648e-04 -1.209457e-05 -1.973638e-04 -1.707543e-04 -2.367645e-05 0.089507
125.000000 500.000000 0.026000 2.240000 -1.937405 1.932178 0.000000 75.966006 6.936305e-01 0 1 1 364.285755 4.018694e-03 2.141490e+00 5.000000e+02 1.387779e-17 1.734723e-17 9.426566e+04 -7.188395e-03 4.691648e-04 -1.209457e-05 -1.973638e-04 -1.707543e-04 -2.367645e-05 0.198455
125.000000 500.000000 0.026000 2.610000 -1.937405 1.932178 0.000000 76.098509 7.009643e-01 0 1 1 364.285755 3.964778e-03 1.600906e+00 5.000000e+02 8.326673e-17 -1.318390e-16 8.438528e+04 -7.188395e-03 4.691648e-04 -1.209457e-05 -1.973638e-04 -1.707543e-04 -2.367645e-05 0.330958
125.000000 500.000000 0.026000 2.980000 -1.937405 1.932178 0.000000 76.255430 7.088637e-01 0 1 1 364.285755 3.911788e-03 1.255262e+00 5.000000e+02 -5.898060e-17 1.179612e-16 7.604880e+04 -7.188395e-03 4.691648e-04 -1.209457e-05 -1.973638e-04 -1.707543e-04 -2.367645e-05 0.487879
125.000000 500.000000 0.026000 3.350000 -1.937405 1.932178 0.000000 76.439911 7.171891e-01 0 1 1 364.285755 3.859596e-03 1.024229e+00 5.000000e+02 -3.816392e-17 2.775558e-17 6.902490e+04 -7.188395e-03 4.691648e-04 -1.209457e-05 -1.973638e-04 -1.707543e-04 -2.367645e-05 0.67236
125.000000 500.000000 0.026000 3.720000 -1.937405 1.932178 0.000000 76.652315 7.258570e-01 0 1 1 364.285755 3.808125e-03 8.653053e-01 5.000000e+02 1.387779e-17 -2.775558e-17 6.307801e+04 -7.188395e-03 4.691648e-04 -1.209457e-05 -1.973638e-04 -1.707543e-04 -2.367645e-05 0.884764
125.000000 500.000000 0.026000 4.090000 -1.937405 1.932178 0.000000 76.893427 7.348148e-01 0 1 1 364.285755 3.757325e-03 7.542937e-01 5.000000e+02 4.857226e-17 -2.775558e-17 5.800571e+04 -7.188395e-03 4.691648e-04 -1.209457e-05 -1.973638e-04 -1.707543e-04 -2.367645e-05 1.12588
125.000000 500.000000 0.026000 4.460000 -1.937405 1.932178 0.000000 77.163886 7.440279e-01 0 1 1 364.285755 3.707163e-03 6.765951e-01 5.000000e+02 2.428613e-17 -8.326673e-17 5.364393e+04 -7.188395e-03 4.691648e-04 -1.209457e-05 -1.973638e-04 -1.707543e-04 -2.367645e-05 1.39634
125.000000 500.000000 0.026000 4.830000 -1.937405 1.932178 0.000000 77.464236 7.534726e-01 0 1 1 364.285755 3.657617e-03 6.229779e-01 5.000000e+02 2.081668e-17 -1.387779e-17 4.986248e+04 -7.188395e-03 4.691648e-04 -1.209457e-05 -1.973638e-04 -1.707543e-04 -2.367645e-05 1.69669
125.000000 500.000000 0.026000 5.200000 -1.937405 1.932178 0.000000 77.794939 7.631326e-01 0 1 1 364.285755 3.608671e-03 5.873728e-01 5.000000e+02 -8.673617e-18 6.938894e-17 4.655855e+04 -7.188395e-03 4.691648e-04 -1.209457e-05 -1.973638e-04 -1.707543e-04 -2.367645e-05 2.02739
125.000000 500.000000 0.026000 5.570000 -1.937405 1.932178 0.000000 78.170193 7.729960e-01 0 1 1 364.285755 3.560312e-03 5.656569e-01 5.000000e+02 2.255141e-17 5.551115e-17 4.365079e+04 -7.188395e-03 4.691648e-04 -1.209457e-05 -1.973638e-04 -1.707543e-04 -2.367645e-05 2.40264
125.000000 500.000000 0.026000 5.940000 -1.937405 1.932178 0.000000 78.561557 7.830543e-01 0 1 1 364.285755 3.512531e-03 5.549496e-01 5.000000e+02 2.255141e-17 5.551115e-17 4.107443e+04 -7.188395e-03 4.691648e-04 -1.209457e-05 -1.973638e-04 -1.707543e-04 -2.367645e-05 2.79401
125.000000 500.000000 0.026000 6.310000 -1.937405 1.932178 0.000000 78.975405 7.933013e-01 0 1 1 364.285755 3.465322e-03 5.531896e-01 5.000000e+02 -1.040834e-17 1.387779e-17 3.877756e+04 -7.188395e-03 4.691648e-04 -1.209457e-05 -1.973638e-04 -1.707543e-04 -2.367645e-05 3.20785
125.000000 500.000000 0.026000 6.680000 -1.937405 1.932178 0.000000 79.430495 8.037322e-01 0 1 1 364.285755 3.418680e-03 5.588698e-01 5.000000e+02 1.387779e-17 -8.326673e-17 3.671821e+04 -7.188395e-03 4.691648e-04 -1.209457e-05 -1.973638e-04 -1.707543e-04 -2.367645e-05 3.66294
125.000000 500.000000 0.026000 7.050000 -1.937405 1.932178 0.000000 79.916998 8.143437e-01 0 1 1 364.285755 3.372600e-03 5.708682e-01 5.000000e+02 -2.515349e-17 8.326673e-17 3.486218e+04 -7.188395e-03 4.691648e-04 -1.209457e-05 -1.973638e-04 -1.707543e-04 -2.367645e-05 4.14945
125.000000 500.000000 0.026000 7.420000 -1.937405 1.932178 0.000000 80.436535 8.251330e-01 0 1 1 364.285755 3.327079e-03 5.883351e-01 5.000000e+02 3.035766e-17 -9.714451e-17 3.318138e+04 -7.188395e-03 4.691648e-04 -1.209457e-05 -1.973638e-04 -1.707543e-04 -2.367645e-05 4.66898
125.000000 500.000000 0.026000 7.790000 -1.937405 1.932178 0.000000 80.987887 8.360980e-01 0 1 1 364.285755 3.282113e-03 6.106178e-01 5.000000e+02 -6.071532e-18 -1.387779e-17 3.165256e+04 -7.188395e-03 4.691648e-04 -1.209457e-05 -1.973638e-04 -1.707543e-04 -2.367645e-05 5.22034
125.000000 500.000000 0.026000 8.160000 -1.937405 1.932178 0.000000 81.571165 8.472373e-01 0 1 1 364.285755 3.237702e-03 6.372082e-01 5.000000e+02 1.821460e-17 -8.326673e-17 3.025632e+04 -7.188395e-03 4.691648e-04 -1.209457e-05 -1.973638e-04 -1.707543e-04 -2.367645e-05 5.80361
125.000000 500.000000 0.026000 8.530000 -1.937405 1.932178 0.000000 82.186444 8.585495e-01 0 1 1 364.285755 3.193843e-03 6.677058e-01 5.000000e+02 -2.515349e-17 -4.163336e-17 2.897640e+04 -7.188395e-03 4.691648e-04 -1.209457e-05 -1.973638e-04 -1.707543e-04 -2.367645e-05 6.41889
125.000000 500.000000 0.026000 8.900000 -1.937405 1.932178 0.000000 82.758850 8.700336e-01 0 1 1 364.285755 3.150534e-03 7.017916e-01 5.000000e+02 9.107298e-18 -2.775558e-17 2.779902e+04 -7.188395e-03 4.691648e-04 -1.209457e-05 -1.973638e-04 -1.707543e-04 -2.367645e-05 6.9913
125.000000 500.000000 0.026000 9.270000 -1.937405 1.932178 0.000000 83.440407 8.816886e-01 0 1 1 364.285755 3.107774e-03 7.392092e-01 5.000000e+02 5.117434e-17 -1.110223e-16 2.671250e+04 -7.188395e-03 4.691648e-04 -1.209457e-05 -1.973638e-04 -1.707543e-04 -2.367645e-05 7.67286
125.000000 500.000000 0.026000 9.640000 -1.937405 1.932178 0.000000 84.153933 8.935139e-01 0 1 1 364.285755 3.065563e-03 7.797501e-01 5.000000e+02 8.673617e-18 -4.163336e-17 2.570681e+04 -7.188395e-03 4.691648e-04 -1.209457e-05 -1.973638e-04 -1.707543e-04 -2.367645e-05 8.38638
125.000000 500.000000 0.026000 10.010000 -1.937405 1.932178 0.000000 84.899366 9.055086e-01 0 1 1 364.285755 3.023899e-03 8.232437e-01 5.000000e+02 1.301043e-18 1.387779e-17 2.477337e+04 -7.188395e-03 4.691648e-04 -1.209457e-05 -1.973638e-04 -1.707543e-04 -2.367645e-05 9.13182
125.000000 500.000000 0.026000 10.380000 -1.937405 1.932178 0.000000 85.676603 9.176719e-01 0 1 1 364.285755 2.982781e-03 8.695495e-01 5.000000e+02 -1.778092e-17 -2.775558e-17 2.390472e+04 -7.188395e-03 4.691648e-04 -1.209457e-05 -1.973638e-04 -1.707543e-04 -2.367645e-05 9.90905
125.000000 500.000000 0.026000 10.750000 -1.937405 1.932178 0.000000 86.485512 9.300031e-01 0 1 1 364.285755 2.942209e-03 9.185505e-01 5.000000e+02 -1.691355e-17 9.714451e-17 2.309441e+04 -7.188395e-03 4.691648e-04 -1.209457e-05 -1.973638e-04 -1.707543e-04 -2.367645e-05 10.718
125.000000 500.000000 0.026000 11.120000 -1.937405 1.932178 0.000000 87.323365 9.425012e-01 0 1 1 364.285755 2.902182e-03 9.701489e-01 5.000000e+02 2.255141e-17 4.163336e-17 2.233679e+04 -7.188395e-03 4.691648e-04 -1.209457e-05 -1.973638e-04 -1.707543e-04 -2.367645e-05 11.5558
125.000000 500.000000 0.052000 1.500000 -1.945245 1.924338 0.000000 76.433281 7.376178e-01 0 1 1 364.285755 3.925377e-03 4.722163e+00 5.000000e+02 -1.387779e-17 -3.469447e-17 1.218330e+05 -7.049319e-03 1.876659e-03 -3.985016e-06 -1.833960e-04 -1.623003e-04 -2.367645e-05 0.66573
125.000000 500.000000 0.052000 1.870000 -1.945245 1.924338 0.000000 76.839890 7.492333e-01 0 1 1 364.285755 3.816914e-03 3.060712e+00 5.000000e+02 -2.775558e-17 -1.040834e-17 1.074875e+05 -7.049319e-03 1.876659e-03 -3.985016e-06 -1.833960e-04 -1.623003e-04 -2.367645e-05 1.07234
125.000000 500.000000 0.052000 2.240000 -1.945245 1.924338 0.000000 77.361323 7.638215e-01 0 1 1 364.285755 3.712823e-03 2.158052e+00 5.000000e+02 0.000000e+00 8.326673e-17 9.535044e+04 -7.049319e-03 1.876659e-03 -3.985016e-06 -1.833960e-04 -1.623003e-04 -2.367645e-05 1.59377
125.000000 500.000000 0.052000 2.610000 -1.945245 1.924338 0.000000 78.000677 7.803718e-01 0 1 1 364.285755 3.612149e-03 1.617468e+00 5.000000e+02 9.714451e-17 -1.526557e-16 8.513857e+04 -7.049319e-03 1.876659e-03 -3.985016e-06 -1.833960e-04 -1.623003e-04 -2.367645e-05 2.23313
125.000000 500.000000 0.052000 2.980000 -1.945245 1.924338 0.000000 78.764874 7.983826e-01 0 1 1 364.285755 3.514418e-03 1.271824e+00 5.000000e+02 0.000000e+00 4.163336e-17 7.659881e+04 -7.049319e-03 1.876659e-03 -3.985016e-06 -1.833960e-04 -1.623003e-04 -2.367645e-05 2.99732
125.000000 500.000000 0.052000 3.350000 -1.945245 1.924338 0.000000 79.647508 8.175790e-01 0 1 1 364.285755 3.419369e-03 1.040791e+00 5.000000e+02 -6.245005e-17 5.551115e-17 6.944067e+04 -7.049319e-03 1.876659e-03 -3.985016e-06 -1.833960e-04 -1.623003e-04 -2.367645e-05 3.87996
125.000000 500.000000 0.052000 3.720000 -1.945245 1.924338 0.000000 80.656043 8.377989e-01 0 1 1 364.285755 3.326845e-03 8.818672e-01 5.000000e+02 2.081668e-17 -5.551115e-17 6.340047e+04 -7.049319e-03 1.876659e-03 -3.985016e-06 -1.833960e-04 -1.623003e-04 -2.367645e-05 4.88849
125.000000 500.000000 0.052000 4.090000 -1.945245 1.924338 0.000000 81.791853 8.589409e-01 0 1 1 364.285755 3.236745e-03 7.708557e-01 5.000000e+02 8.326673e-17 -5.551115e-17 5.826077e+04 -7.049319e-03 1.876659e-03 -3.985016e-06 -1.833960e-04 -1.623003e-04 -2.367645e-05 6.0243
125.000000 500.000000 0.052000 4.460000 -1.945245 1.924338 0.000000 82.978470 8.809387e-01 0 1 1 364.285755 3.149003e-03 6.931571e-01 5.000000e+02 1.734723e-17 -1.665335e-16 5.384886e+04 -7.049319e-03 1.876659e-03 -3.985016e-06 -1.833960e-04 -1.623003e-04 -2.367645e-05 7.21092
125.000000 500.000000 0.052000 4.830000 -1.945245 1.924338 0.000000 84.372210 9.037464e-01 0 1 1 364.285755 3.063573e-03 6.395398e-01 5.000000e+02 2.428613e-17 0.000000e+00 5.002919e+04 -7.049319e-03 1.876659e-03 -3.985016e-06 -1.833960e-04 -1.623003e-04 -2.367645e-05 8.60466
125.000000 500.000000 0.052000 5.200000 -1.945245 1.924338 0.000000 85.892465 9.273303e-01 0 1 1 364.285755 2.980422e-03 6.039348e-01 5.000000e+02 0.000000e+00 1.387779e-16 4.669554e+04 -7.049319e-03 1.876659e-03 -3.985016e-06 -1.833960e-04 -1.623003e-04 -2.367645e-05 10.1249
125.000000 500.000000 0.052000 5.570000 -1.945245 1.924338 0.000000 87.535853 9.516640e-01 0 1 1 364.285755 2.899527e-03 5.822188e-01 5.000000e+02 1.734723e-17 2.775558e-17 4.376427e+04 -7.049319e-03 1.876659e-03 -3.985016e-06 -1.833960e-04 -1.623003e-04 -2.367645e-05 11.7683
125.000000 500.000000 0.078000 1.500000 -1.958312 1.911271 0.000000 77.789363 7.965394e-01 0 1 1 364.285754 3.724460e-03 4.749766e+00 5.000000e+02 -8.326673e-17 -6.938894e-18 1.248206e+05 -6.817524e-03 4.222483e-03 9.530912e-06 -1.601161e-04 -1.482102e-04 -2.367645e-05 2.02181
125.000000 500.000000 0.078000 1.870000 -1.958312 1.911271 0.000000 78.763173 8.159187e-01 0 1 1 364.285754 3.569287e-03 3.088315e+00 5.000000e+02 8.326673e-17 -1.283695e-16 1.090436e+05 -6.817524e-03 4.222483e-03 9.530912e-06 -1.601161e-04 -1.482102e-04 -2.367645e-05 2.99562
125.000000 500.000000 0.078000 2.240000 -1.958312 1.911271 0.000000 80.037993 8.402885e-01 0 1 1 364.285754 3.422355e-03 2.185655e+00 5.000000e+02 8.326673e-17 1.387779e-17 9.631213e+04 -6.817524e-03 4.222483e-03 9.530912e-06 -1.601161e-04 -1.482102e-04 -2.367645e-05 4.27044
125.000000 500.000000 0.078000 2.610000 -1.958312 1.911271 0.000000 81.585307 8.681292e-01 0 1 1 364.285754 3.282198e-03 1.645071e+00 5.000000e+02 2.775558e-17 -1.665335e-16 8.578227e+04 -6.817524e-03 4.222483e-03 9.530912e-06 -1.601161e-04 -1.482102e-04 -2.367645e-05 5.81776
125.000000 500.000000 0.078000 2.980000 -1.958312 1.911271 0.000000 83.341500 8.986891e-01 0 1 1 364.285754 3.148092e-03 1.299427e+00 5.000000e+02 -9.714451e-17 1.665335e-16 7.705043e+04 -6.817524e-03 4.222483e-03 9.530912e-06 -1.601161e-04 -1.482102e-04 -2.367645e-05 7.57395
125.000000 500.000000 0.078000 3.350000 -1.958312 1.911271 0.000000 85.465912 9.315525e-01 0 1 1 364.285754 3.019636e-03 1.068394e+00 5.000000e+02 -1.387779e-17 -2.775558e-17 6.976736e+04 -6.817524e-03 4.222483e-03 9.530912e-06 -1.601161e-04 -1.482102e-04 -2.367645e-05 9.69836
125.000000 500.000000 0.104000 1.500000 -1.976606 1.892977 0.000000 79.822059 8.587534e-01 0 1 1 364.285754 3.528147e-03 4.788411e+00 5.000000e+02 2.775558e-17 -1.110223e-16 1.276414e+05 -6.493012e-03 7.506636e-03 2.845321e-05 -1.275244e-04 -1.284840e-04 -2.367645e-05 4.05451
125.000000 500.000000 0.104000 1.870000 -1.976606 1.892977 0.000000 81.626363 8.873362e-01 0 1 1 364.285754 3.331441e-03 3.126960e+00 5.000000e+02 0.000000e+00 -1.387779e-16 1.104564e+05 -6.493012e-03 7.506636e-03 2.845321e-05 -1.275244e-04 -1.284840e-04 -2.367645e-05 5.85881
125.000000 500.000000 0.104000 2.240000 -1.976606 1.892977 0.000000 83.876199 9.233008e-01 0 1 1 364.285754 3.147963e-03 2.224300e+00 5.000000e+02 2.775558e-17 1.249001e-16 9.714813e+04 -6.493012e-03 7.506636e-03 2.845321e-05 -1.275244e-04 -1.284840e-04 -2.367645e-05 8.10865
125.000000 500.000000 0.104000 2.610000 -1.976606 1.892977 0.000000 86.725328 9.645982e-01 0 1 1 364.285754 2.975716e-03 1.683715e+00 5.000000e+02 0.000000e+00 -1.665335e-16 8.631451e+04 -6.493012e-03 7.506636e-03 2.845321e-05 -1.275244e-04 -1.284840e-04 -2.367645e-05 10.9578
125.000000 500.000000 0.104000 17.040000 -1.976606 1.892977 0.000000 86.041831 9.816084e-01 1 1 1 364.285754 3.210841e-03 2.189997e+00 5.000000e+02 2.515349e-17 3.885781e-16 1.455624e+04 -6.493012e-03 7.506636e-03 2.845321e-05 -1.275244e-04 -1.284840e-04 -2.367645e-05 10.2743
125.000000 500.000000 0.104000 17.410000 -1.976606 1.892977 0.000000 83.748304 9.437788e-01 1 1 1 364.285754 3.390295e-03 2.279151e+00 5.000000e+02 -2.255141e-17 -7.771561e-16 1.424720e+04 -6.493012e-03 7.506636e-03 2.845321e-05 -1.275244e-04 -1.284840e-04 -2.367645e-05 7.98075
125.000000 500.000000 0.104000 17.780000 -1.976606 1.892977 0.000000 81.884006 9.869880e-01 1 1 1 364.285754 3.578390e-03 2.370347e+00 5.000000e+02 -9.974660e-18 -2.220446e-16 1.395097e+04 -6.493012e-03 7.506636e-03 2.845321e-05 -1.275244e-04 -1.284840e-04 -2.367645e-05 6.11646
125.000000 500.000000 0.130000 1.500000 -2.000127 1.869456 0.000000 82.469879 9.242952e-01 0 1 1 364.285753 3.336874e-03 4.838096e+00 5.000000e+02 -1.110223e-16 -9.714451e-17 1.302883e+05 -6.075783e-03 1.172912e-02 5.278188e-05 -8.562076e-05 -1.031218e-04 -2.367645e-05 6.70233
125.000000 500.000000 0.130000 1.870000 -2.000127 1.869456 0.000000 85.257585 9.635769e-01 0 1 1 364.285753 3.103933e-03 3.176646e+00 5.000000e+02 2.775558e-17 -1.249001e-16 1.117219e+05 -6.075783e-03 1.172912e-02 5.278188e-05 -8.562076e-05 -1.031218e-04 -2.367645e-05 9.49003
125.000000 500.000000 0.130000 13.710000 -2.000127 1.869456 0.000000 84.984482 9.621156e-01 1 1 1 364.285753 3.265907e-03 1.530989e+00 5.000000e+02 -6.591949e-17 6.106227e-16 1.801171e+04 -6.075783e-03 1.172912e-02 5.278188e-05 -8.562076e-05 -1.031218e-04 -2.367645e-05 9.21693
125.000000 500.000000 0.130000 14.080000 -2.000127 1.869456 0.000000 82.411151 9.082031e-01 1 1 1 364.285753 3.495194e-03 1.601230e+00 5.000000e+02 -3.903128e-17 3.885781e-16 1.753905e+04 -6.075783e-03 1.172912e-02 5.278188e-05 -8.562076e-05 -1.031218e-04 -2.367645e-05 6.6436
125.000000 500.000000 0.130000 14.450000 -2.000127 1.869456 0.000000 80.514401 8.577089e-01 1 1 1 364.285753 3.737987e-03 1.673640e+00 5.000000e+02 -2.602085e-17 -6.661338e-16 1.709045e+04 -6.075783e-03 1.172912e-02 5.278188e-05 -8.562076e-05 -1.031218e-04 -2.367645e-05 4.74685
125.000000 500.000000 0.130000 14.820000 -2.000127 1.869456 0.000000 79.240456 6.511924e-01 1 1 1 364.285753 3.994286e-03 1.748196e+00 5.000000e+02 -1.344411e-16 -1.665335e-16 1.666413e+04 -6.075783e-03 1.172912e-02 5.278188e-05 -8.562076e-05 -1.031218e-04 -2.367645e-05 3.4729
125.000000 500.000000 0.130000 15.190000 -2.000127 1.869456 0.000000 78.555969 9.486009e-01 1 1 1 364.285753 4.264088e-03 1.824880e+00 5.000000e+02 -4.683753e-17 3.885781e-16 1.625847e+04 -6.075783e-03 1.172912e-02 5.278188e-05 -8.562076e-05 -1.031218e-04 -2.367645e-05 2.78842
125.000000 500.000000 0.130000 15.560000 -2.000127 1.869456 0.000000 78.445616 7.236749e-01 1 1 1 364.285753 4.547395e-03 1.903674e+00 5.000000e+02 -5.290907e-17 -5.551115e-17 1.587202e+04 -6.075783e-03 1.172912e-02 5.278188e-05 -8.562076e-05 -1.031218e-04 -2.367645e-05 2.67807
125.000000 500.000000 0.130000 15.930000 -2.000127 1.869456 0.000000 78.860170 7.613383e-01 1 1 1 364.285753 4.844205e-03 1.984564e+00 5.000000e+02 1.301043e-17 4.996004e-16 1.550344e+04 -6.075783e-03 1.172912e-02 5.278188e-05 -8.562076e-05 -1.031218e-04 -2.367645e-05 3.09262
125.000000 500.000000 0.156000 1.500000 -2.028874 1.840708 0.000000 85.599316 9.931516e-01 0 1 1 364.285753 3.151085e-03 4.898823e+00 5.000000e+02 0.000000e+00 -1.110223e-16 1.327542e+05 -5.565835e-03 1.688993e-02 8.251693e-05 -3.440519e-05 -7.212360e-05 -2.367645e-05 9.83177
125.000000 500.000000 0.156000 11.490000 -2.028874 1.840708 0.000000 83.921148 9.411721e-01 1 1 1 364.285753 3.323972e-03 1.217485e+00 5.000000e+02 -1.665335e-16 6.661338e-16 2.137537e+04 -5.565835e-03 1.688993e-02 8.251693e-05 -3.440519e-05 -7.212360e-05 -2.367645e-05 8.1536
125.000000 500.000000 0.156000 11.860000 -2.028874 1.840708 0.000000 81.205615 6.070920e-01 1 1 1 364.285753 3.605294e-03 1.274044e+00 5.000000e+02 -1.110223e-16 2.220446e-16 2.070969e+04 -5.565835e-03 1.688993e-02 8.251693e-05 -3.440519e-05 -7.212360e-05 -2.367645e-05 5.43806
125.000000 500.000000 0.156000 12.230000 -2.028874 1.840708 0.000000 79.444003 8.376976e-01 1 1 1 364.285753 3.906071e-03 1.332989e+00 5.000000e+02 3.469447e-18 2.220446e-16 2.008397e+04 -5.565835e-03 1.688993e-02 8.251693e-05 -3.440519e-05 -7.212360e-05 -2.367645e-05 3.67645
125.000000 500.000000 0.156000 12.600000 -2.028874 1.840708 0.000000 78.555672 9.462255e-01 1 1 1 364.285753 4.226303e-03 1.394269e+00 5.000000e+02 6.591949e-17 -2.220446e-16 1.949472e+04 -5.565835e-03 1.688993e-02 8.251693e-05 -3.440519e-05 -7.212360e-05 -2.367645e-05 2.78812
125.000000 500.000000 0.156000 12.970000 -2.028874 1.840708 0.000000 78.458426 5.199069e-01 1 1 1 364.285753 4.565985e-03 1.457842e+00 5.000000e+02 -3.469447e-17 0.000000e+00 1.893887e+04 -5.565835e-03 1.688993e-02 8.251693e-05 -3.440519e-05 -7.212360e-05 -2.367645e-05 2.69088
125.000000 500.000000 0.156000 13.340000 -2.028874 1.840708 0.000000 79.127762 5.392299e-01 1 1 1 364.285753 4.925118e-03 1.523668e+00 5.000000e+02 6.591949e-17 0.000000e+00 1.841368e+04 -5.565835e-03 1.688993e-02 8.251693e-05 -3.440519e-05 -7.212360e-05 -2.367645e-05 3.36021
125.000000 500.000000 0.182000 9.640000 -2.062849 1.806734 0.000000 85.617095 6.734392e-01 1 1 1 364.285752 3.161681e-03 1.044741e+00 5.000000e+02 -1.387779e-17 -2.220446e-16 2.531215e+04 -4.963170e-03 2.298907e-02 1.176583e-04 2.612231e-05 -3.548933e-05 -2.367645e-05 9.84954
125.000000 500.000000 0.182000 10.010000 -2.062849 1.806734 0.000000 81.974638 9.170888e-01 1 1 1 364.285752 3.478425e-03 1.088235e+00 5.000000e+02 -5.898060e-17 0.000000e+00 2.437897e+04 -4.963170e-03 2.298907e-02 1.176583e-04 2.612231e-05 -3.548933e-05 -2.367645e-05 6.20709
125.000000 500.000000 0.182000 10.380000 -2.062849 1.806734 0.000000 79.644096 8.460893e-01 1 1 1 364.285752 3.821665e-03 1.134540e+00 5.000000e+02 1.040834e-17 -2.220446e-16 2.351158e+04 -4.963170e-03 2.298907e-02 1.176583e-04 2.612231e-05 -3.548933e-05 -2.367645e-05 3.87655
125.000000 500.000000 0.182000 10.750000 -2.062849 1.806734 0.000000 78.526610 9.439351e-01 1 1 1 364.285752 4.191395e-03 1.183541e+00 5.000000e+02 -3.122502e-17 6.661338e-16 2.270330e+04 -4.963170e-03 2.298907e-02 1.176583e-04 2.612231e-05 -3.548933e-05 -2.367645e-05 2.75906
125.000000 500.000000 0.182000 11.120000 -2.062849 1.806734 0.000000 78.506274 5.179977e-01 1 1 1 364.285752 4.587611e-03 1.235140e+00 5.000000e+02 2.046974e-16 2.220446e-16 2.194833e+04 -4.963170e-03 2.298907e-02 1.176583e-04 2.612231e-05 -3.548933e-05 -2.367645e-05 2.73872
125.000000 500.000000 0.182000 11.490000 -2.062849 1.806734 0.000000 79.503691 5.399793e-01 1 1 1 364.285752 5.010310e-03 1.289253e+00 5.000000e+02 -6.418477e-17 6.661338e-16 2.124162e+04 -4.963170e-03 2.298907e-02 1.176583e-04 2.612231e-05 -3.548933e-05 -2.367645e-05 3.73614
125.000000 500.000000 0.208000 8.530000 -2.102050 1.767532 0.000000 83.793804 9.585306e-01 1 1 1 364.285751 3.266628e-03 1.015506e+00 5.000000e+02 1.387779e-17 -4.440892e-16 2.839382e+04 -4.267787e-03 3.002655e-02 1.582061e-04 9.596173e-05 6.780986e-06 -2.367645e-05 8.02625
125.000000 500.000000 0.208000 8.900000 -2.102050 1.767532 0.000000 80.418873 8.730474e-01 1 1 1 364.285751 3.641761e-03 1.049592e+00 5.000000e+02 1.838807e-16 -3.330669e-16 2.721665e+04 -4.267787e-03 3.002655e-02 1.582061e-04 9.596173e-05 6.780986e-06 -2.367645e-05 4.65132
125.000000 500.000000 0.208000 9.270000 -2.102050 1.767532 0.000000 78.681948 9.360448e-01 1 1 1 364.285751 4.051516e-03 1.087010e+00 5.000000e+02 -2.081668e-17 -4.440892e-16 2.613219e+04 -4.267787e-03 3.002655e-02 1.582061e-04 9.596173e-05 6.780986e-06 -2.367645e-05 2.9144
125.000000 500.000000 0.208000 9.640000 -2.102050 1.767532 0.000000 78.440803 5.091218e-01 1 1 1 364.285751 4.495883e-03 1.127551e+00 5.000000e+02 2.428613e-17 -2.220446e-16 2.513002e+04 -4.267787e-03 3.002655e-02 1.582061e-04 9.596173e-05 6.780986e-06 -2.367645e-05 2.67325
125.000000 500.000000 0.208000 10.010000 -2.102050 1.767532 0.000000 79.547860 5.342886e-01 1 1 1 364.285751 4.974856e-03 1.171044e+00 5.000000e+02 6.245005e-17 0.000000e+00 2.420119e+04 -4.267787e-03 3.002655e-02 1.582061e-04 9.596173e-05 6.780986e-06 -2.367645e-05 3.78031
125.000000 500.000000 0.234000 7.420000 -2.146478 1.723104 0.000000 85.314437 9.891282e-01 1 1 1 364.285750 3.110210e-03 1.029987e+00 5.000000e+02 -6.245005e-17 -3.330669e-16 3.236175e+04 -3.479686e-03 3.800235e-02 2.041603e-04 1.751131e-04 5.468734e-05 -2.367645e-05 9.54689
125.000000 500.000000 0.234000 7.790000 -2.146478 1.723104 0.000000 80.979270 8.893009e-01 1 1 1 364.285750 3.518126e-03 1.052269e+00 5.000000e+02 4.163336e-17 -1.110223e-16 3.083034e+04 -3.479686e-03 3.800235e-02 2.041603e-04 1.751131e-04 5.468734e-05 -2.367645e-05 5.21172
125.000000 500.000000 0.234000 8.160000 -2.146478 1.723104 0.000000 78.753744 9.311407e-01 1 1 1 364.285750 3.969892e-03 1.078860e+00 5.000000e+02 -6.938894e-18 -6.661338e-16 2.943546e+04 -3.479686e-03 3.800235e-02 2.041603e-04 1.751131e-04 5.468734e-05 -2.367645e-05 2.98619
125.000000 500.000000 0.234000 8.530000 -2.146478 1.723104 0.000000 78.462070 5.032720e-01 1 1 1 364.285750 4.465491e-03 1.109357e+00 5.000000e+02 2.081668e-17 -5.551115e-16 2.815984e+04 -3.479686e-03 3.800235e-02 2.041603e-04 1.751131e-04 5.468734e-05 -2.367645e-05 2.69452
125.000000 500.000000 0.234000 8.900000 -2.146478 1.723104 0.000000 79.873434 5.311361e-01 1 1 1 364.285750 5.004908e-03 1.143443e+00 5.000000e+02 2.636780e-16 -2.220446e-16 2.698897e+04 -3.479686e-03 3.800235e-02 2.041603e-04 1.751131e-04 5.468734e-05 -2.367645e-05 4.10588
125.000000 500.000000 0.260000 6.680000 -2.196133 1.673449 0.000000 84.471146 9.716962e-01 1 1 1 364.285749 3.130667e-03 1.105414e+00 5.000000e+02 -9.020562e-17 -5.551115e-16 3.560432e+04 -2.598867e-03 4.691648e-02 2.555208e-04 2.635763e-04 1.082297e-04 -2.367645e-05 8.7036
125.000000 500.000000 0.260000 7.050000 -2.196133 1.673449 0.000000 80.161650 8.626475e-01 1 1 1 364.285749 3.590249e-03 1.117412e+00 5.000000e+02 -2.081668e-16 8.881784e-16 3.374294e+04 -2.598867e-03 4.691648e-02 2.555208e-04 2.635763e-04 1.082297e-04 -2.367645e-05 4.3941
125.000000 500.000000 0.260000 7.420000 -2.196133 1.673449 0.000000 78.432834 9.376156e-01 1 1 1 364.285749 4.104003e-03 1.134879e+00 5.000000e+02 -1.249001e-16 -3.330669e-16 3.206359e+04 -2.598867e-03 4.691648e-02 2.555208e-04 2.635763e-04 1.082297e-04 -2.367645e-05 2.66528
125.000000 500.000000 0.260000 7.790000 -2.196133 1.673449 0.000000 79.001972 5.098160e-01 1 1 1 364.285749 4.671899e-03 1.157162e+00 5.000000e+02 -4.163336e-17 -1.110223e-16 3.054117e+04 -2.598867e-03 4.691648e-02 2.555208e-04 2.635763e-04 1.082297e-04 -2.367645e-05 3.23442
125.000000 500.000000 0.260000 8.160000 -2.196133 1.673449 0.000000 81.594171 5.384141e-01 1 1 1 364.285749 5.293914e-03 1.183752e+00 5.000000e+02 2.983724e-16 -9.992007e-16 2.915494e+04 -2.598867e-03 4.691648e-02 2.555208e-04 2.635763e-04 1.082297e-04 -2.367645e-05 5.82662
125.000000 500.000000 0.286000 5.940000 -2.251015 1.618567 0.000000 85.940742 9.997708e-01 1 1 1 364.285748 2.983312e-03 1.217427e+00 5.000000e+02 1.387779e-17 5.551115e-16 3.961099e+04 -1.625331e-03 5.676894e-02 3.122877e-04 3.613515e-04 1.674082e-04 -2.367645e-05 10.1732
125.000000 500.000000 0.286000 6.310000 -2.251015 1.618567 0.000000 80.618723 8.754631e-01 1 1 1 364.285748 3.472389e-03 1.215667e+00 5.000000e+02 -1.942890e-16 0.000000e+00 3.729944e+04 -1.625331e-03 5.676894e-02 3.122877e-04 3.613515e-04 1.674082e-04 -2.367645e-05 4.85117
125.000000 500.000000 0.286000 6.680000 -2.251015 1.618567 0.000000 78.476071 9.329564e-01 1 1 1 364.285748 4.027078e-03 1.221347e+00 5.000000e+02 -2.636780e-16 -3.330669e-16 3.523800e+04 -1.625331e-03 5.676894e-02 3.122877e-04 3.613515e-04 1.674082e-04 -2.367645e-05 2.70852
125.000000 500.000000 0.286000 7.050000 -2.251015 1.618567 0.000000 79.166519 5.031528e-01 1 1 1 364.285748 4.647329e-03 1.233345e+00 5.000000e+02 -2.359224e-16 7.771561e-16 3.338879e+04 -1.625331e-03 5.676894e-02 3.122877e-04 3.613515e-04 1.674082e-04 -2.367645e-05 3.39897
125.000000 500.000000 0.286000 7.420000 -2.251015 1.618567 0.000000 82.248630 5.339156e-01 1 1 1 364.285748 5.333106e-03 1.250812e+00 5.000000e+02 -1.734723e-16 -5.551115e-16 3.172111e+04 -1.625331e-03 5.676894e-02 3.122877e-04 3.613515e-04 1.674082e-04 -2.367645e-05 6.48108
125.000000 500.000000 0.312000 5.570000 -2.311124 1.558459 0.000000 82.778336 9.313468e-01 1 1 1 364.285747 3.179066e-03 1.355109e+00 5.000000e+02 1.526557e-16 5.551115e-16 4.175529e+04 -5.590772e-04 6.755973e-02 3.744610e-04 4.684386e-04 2.322227e-04 -2.367645e-05 7.01078
125.000000 500.000000 0.312000 5.940000 -2.311124 1.558459 0.000000 78.981607 8.056154e-01 1 1 1 364.285747 3.747189e-03 1.344402e+00 5.000000e+02 -1.804112e-16 5.551115e-16 3.916315e+04 -5.590772e-04 6.755973e-02 3.744610e-04 4.684386e-04 2.322227e-04 -2.367645e-05 3.21406
125.000000 500.000000 0.312000 6.310000 -2.311124 1.558459 0.000000 78.792136 4.838119e-01 1 1 1 364.285747 4.393432e-03 1.342642e+00 5.000000e+02 -9.714451e-17 -2.220446e-16 3.686785e+04 -5.590772e-04 6.755973e-02 3.744610e-04 4.684386e-04 2.322227e-04 -2.367645e-05 3.02459
125.000000 500.000000 0.312000 6.680000 -2.311124 1.558459 0.000000 81.628253 5.185855e-01 1 1 1 364.285747 5.117727e-03 1.348322e+00 5.000000e+02 -2.498002e-16 -4.440892e-16 3.482200e+04 -5.590772e-04 6.755973e-02 3.744610e-04 4.684386e-04 2.322227e-04 -2.367645e-05 5.8607
125.000000 500.000000 0.338000 5.200000 -2.376459 1.493123 0.000000 81.199517 8.862826e-01 1 1 1 364.285745 3.297583e-03 1.514841e+00 5.000000e+02 -2.775558e-17 6.661338e-16 4.415780e+04 5.998945e-04 7.928885e-02 4.420407e-04 5.848377e-04 3.026732e-04 -2.367645e-05 5.43197
125.000000 500.000000 0.338000 5.570000 -2.376459 1.493123 0.000000 78.581512 9.268223e-01 1 1 1 364.285745 3.936966e-03 1.493125e+00 5.000000e+02 1.804112e-16 2.220446e-16 4.123034e+04 5.998945e-04 7.928885e-02 4.420407e-04 5.848377e-04 3.026732e-04 -2.367645e-05 2.81396
125.000000 500.000000 0.338000 5.940000 -2.376459 1.493123 0.000000 80.062237 4.915947e-01 1 1 1 364.285745 4.668087e-03 1.482418e+00 5.000000e+02 -2.220446e-16 6.661338e-16 3.865884e+04 5.998945e-04 7.928885e-02 4.420407e-04 5.848377e-04 3.026732e-04 -2.367645e-05 4.29469
125.000000 500.000000 0.338000 6.310000 -2.376459 1.493123 0.000000 84.512285 5.254940e-01 1 1 1 364.285745 5.490855e-03 1.480658e+00 5.000000e+02 -2.359224e-16 -2.220446e-16 3.638322e+04 5.998945e-04 7.928885e-02 4.420407e-04 5.848377e-04 3.026732e-04 -2.367645e-05 8.74473
125.000000 500.000000 0.364000 5.200000 -2.447022 1.422561 0.000000 78.722927 4.500229e-01 1 1 1 364.285744 4.029652e-03 1.663898e+00 5.000000e+02 -2.220446e-16 8.881784e-16 4.354607e+04 1.851584e-03 9.195630e-02 5.150267e-04 7.105486e-04 3.787597e-04 -2.367645e-05 2.95538
125.000000 500.000000 0.364000 5.570000 -2.447022 1.422561 0.000000 81.394758 4.919184e-01 1 1 1 364.285744 4.835853e-03 1.642182e+00 5.000000e+02 -2.775558e-16 8.881784e-16 4.064453e+04 1.851584e-03 9.195630e-02 5.150267e-04 7.105486e-04 3.787597e-04 -2.367645e-05 5.62721
125.000000 500.000000 0.364000 5.940000 -2.447022 1.422561 0.000000 87.170115 5.256503e-01 1 1 1 364.285744 5.748404e-03 1.631475e+00 5.000000e+02 -5.551115e-17 6.661338e-16 3.809761e+04 1.851584e-03 9.195630e-02 5.150267e-04 7.105486e-04 3.787597e-04 -2.367645e-05 11.4026
125.000000 500.000000 0.390000 4.830000 -2.522811 1.346772 0.000000 78.991820 4.425818e-01 1 1 1 364.285742 4.019215e-03 1.859602e+00 5.000000e+02 -1.387779e-16 0.000000e+00 4.616961e+04 3.195991e-03 1.055621e-01 5.934191e-04 8.455715e-04 4.604823e-04 -2.367645e-05 3.22427
125.000000 500.000000 0.390000 5.200000 -2.522811 1.346772 0.000000 82.467161 4.859189e-01 1 1 1 364.285742 4.887560e-03 1.823997e+00 5.000000e+02 -2.220446e-16 8.881784e-16 4.286835e+04 3.195991e-03 1.055621e-01 5.934191e-04 8.455715e-04 4.604823e-04 -2.367645e-05 6.69961
125.000000 500.000000 0.416000 4.460000 -2.603827 1.265756 0.000000 79.213147 4.283738e-01 1 1 1 364.285741 3.905655e-03 2.084359e+00 5.000000e+02 5.828671e-16 -1.332268e-15 4.918047e+04 4.633116e-03 1.201062e-01 6.772179e-04 9.899063e-04 5.478410e-04 -2.367645e-05 3.4456
125.000000 500.000000 0.416000 4.830000 -2.603827 1.265756 0.000000 82.997950 4.742483e-01 1 1 1 364.285741 4.820060e-03 2.030742e+00 5.000000e+02 -2.220446e-16 4.440892e-16 4.538754e+04 4.633116e-03 1.201062e-01 6.772179e-04 9.899063e-04 5.478410e-04 -2.367645e-05 7.2304
125.000000 500.000000 0.442000 4.090000 -2.690070 1.179513 0.000000 79.538906 4.074080e-01 1 1 1 364.285739 3.695017e-03 2.344239e+00 5.000000e+02 -1.942890e-16 2.220446e-16 5.268803e+04 6.162959e-03 1.355886e-01 7.664230e-04 1.143553e-03 6.408357e-04 -2.367645e-05 3.77135
125.000000 500.000000 0.442000 4.460000 -2.690070 1.179513 0.000000 82.940414 4.571555e-01 1 1 1 364.285739 4.636223e-03 2.266540e+00 5.000000e+02 5.551115e-17 -8.881784e-16 4.827910e+04 6.162959e-03 1.355886e-01 7.664230e-04 1.143553e-03 6.408357e-04 -2.367645e-05 7.17286
125.000000 500.000000 0.468000 3.720000 -2.781539 1.088043 0.000000 80.000784 8.954049e-01 1 1 1 364.285737 3.399426e-03 2.648473e+00 5.000000e+02 -3.885781e-16 0.000000e+00 5.684728e+04 7.785519e-03 1.520094e-01 8.610345e-04 1.306512e-03 7.394664e-04 -2.367645e-05 4.23323
125.000000 500.000000 0.468000 4.090000 -2.781539 1.088043 0.000000 82.377211 4.345079e-01 1 1 1 364.285737 4.344943e-03 2.537461e+00 5.000000e+02 5.551115e-17 0.000000e+00 5.164919e+04 7.785519e-03 1.520094e-01 8.610345e-04 1.306512e-03 7.394664e-04 -2.367645e-05 6.60966
125.000000 500.000000 0.494000 3.350000 -2.878236 0.991347 0.000000 81.540128 8.854240e-01 1 1 1 364.285735 3.037154e-03 3.011660e+00 5.000000e+02 0.000000e+00 0.000000e+00 6.188657e+04 9.500797e-03 1.693685e-01 9.610524e-04 1.478782e-03 8.437332e-04 -2.367645e-05 5.77258
125.000000 500.000000 0.494000 3.720000 -2.878236 0.991347 0.000000 81.570104 4.057544e-01 1 1 1 364.285735 3.961168e-03 2.852736e+00 5.000000e+02 -5.551115e-17 -2.220446e-16 5.564883e+04 9.500797e-03 1.693685e-01 9.610524e-04 1.478782e-03 8.437332e-04 -2.367645e-05 5.80255
125.000000 500.000000 0.520000 2.980000 -2.980159 0.889423 0.000000 85.132180 9.425792e-01 1 1 1 364.285733 2.632779e-03 3.457998e+00 5.000000e+02 -2.220446e-16 4.440892e-16 6.816062e+04 1.130879e-02 1.876659e-01 1.066477e-03 1.660365e-03 9.536360e-04 -2.367645e-05 9.36463
125.000000 500.000000 0.520000 3.350000 -2.980159 0.889423 0.000000 81.137091 3.698329e-01 1 1 1 364.285733 3.505970e-03 3.226965e+00 5.000000e+02 -2.220446e-16 0.000000e+00 6.050144e+04 1.130879e-02 1.876659e-01 1.066477e-03 1.660365e-03 9.536360e-04 -2.367645e-05 5.36954
125.000000 500.000000 0.520000 3.720000 -2.980159 0.889423 0.000000 87.183297 4.233267e-01 1 1 1 364.285733 4.598977e-03 3.068041e+00 5.000000e+02 2.775558e-16 -4.440892e-16 5.434920e+04 1.130879e-02 1.876659e-01 1.066477e-03 1.660365e-03 9.536360e-04 -2.367645e-05 11.4157
125.000000 500.000000 0.546000 2.980000 -3.087310 0.782273 0.000000 82.161763 3.250468e-01 1 1 1 364.285731 3.006698e-03 3.684344e+00 5.000000e+02 -3.330669e-16 5.551115e-16 6.655597e+04 1.320951e-02 2.069017e-01 1.177307e-03 1.851259e-03 1.069175e-03 -2.367645e-05 6.39421
125.000000 500.000000 0.546000 3.350000 -3.087310 0.782273 0.000000 84.861698 3.883289e-01 1 1 1 364.285731 4.039900e-03 3.453311e+00 5.000000e+02 -3.330669e-16 0.000000e+00 5.900023e+04 1.320951e-02 2.069017e-01 1.177307e-03 1.851259e-03 1.069175e-03 -2.367645e-05 9.09415
125.000000 500.000000 0.572000 2.610000 -3.199687 0.669896 0.000000 86.312065 8.435277e-01 1 1 1 364.285728 2.497330e-03 4.267375e+00 5.000000e+02 5.551115e-16 -1.110223e-15 7.440262e+04 1.520294e-02 2.270758e-01 1.293544e-03 2.051465e-03 1.190350e-03 -2.367645e-05 10.5445
125.000000 500.000000 0.572000 2.980000 -3.199687 0.669896 0.000000 83.226302 3.455877e-01 1 1 1 364.285728 3.435551e-03 3.921732e+00 5.000000e+02 -2.775558e-16 9.992007e-16 6.481539e+04 1.520294e-02 2.270758e-01 1.293544e-03 2.051465e-03 1.190350e-03 -2.367645e-05 7.45875
125.000000 500.000000 0.598000 2.610000 -3.317290 0.552292 0.000000 83.989028 3.926175e-01 1 1 1 364.285726 2.822612e-03 4.515804e+00 5.000000e+02 2.220446e-16 -7.771561e-16 7.237610e+04 1.728909e-02 2.481882e-01 1.415188e-03 2.260984e-03 1.317161e-03 -2.367646e-05 8.22148
125.000000 500.000000 0.624000 2.610000 -3.440121 0.429461 0.000000 85.684522 4.210498e-01 1 1 1 364.285723 3.195612e-03 4.775274e+00 5.000000e+02 3.330669e-16 -9.992007e-16 7.018058e+04 1.946795e-02 2.702389e-01 1.542238e-03 2.479814e-03 1.449608e-03 -2.367646e-05 9.91697
125.000000 500.000000 0.650000 2.240000 -3.568179 0.301404 0.000000 87.155678 6.210886e-01 0 1 1 364.285721 2.509916e-03 5.586369e+00 5.000000e+02 -1.110223e-16 7.771561e-16 8.022712e+04 2.173954e-02 2.932280e-01 1.674694e-03 2.707956e-03 1.587691e-03 -2.367646e-05 11.3881
